UNIQUE-ID - 6.3.1.12-RXN
TYPES - Chemical-Reactions
TYPES - Small-Molecule-Reactions
ATOM-MAPPINGS - (:NO-HYDROGEN-ENCODING (0 1 2 3 4 5 6 7 8 9 10 11 12 13 14 15 16 166 167 168 20 21 17 18 22 23 165 24 169 26 25 83 103 109 121 125 19 139 149 148 27 28 29 30 31 32 33 34 35 36 37 38 39 40 41 42 43 44 45 46 47 48 49 50 51 52 53 54 55 56 57 58 59 60 61 62 63 64 65 66 67 68 69 70 71 72 73 74 75 76 77 78 79 80 81 82 84 85 86 87 88 89 90 91 92 93 94 95 96 97 98 99 100 101 102 104 105 106 107 108 110 111 112 113 114 115 116 117 118 119 120 122 123 124 126 127 128 129 130 131 132 133 134 135 136 137 138 140 141 142 143 144 145 146 147 150 151 152 153 155 154 156 157 158 159 160 161 162 163 164) ((("ADP" 0 26) ("D-aspartate-peptidoglycan" 27 164) ("Pi" 165 169)) (("ATP" 0 30) ("CPD-302" 31 39) ("CPD-7695" 40 169))))
ATOM-MAPPINGS - (:NO-HYDROGEN-ENCODING (0 1 2 3 4 5 6 7 8 9 10 11 12 13 14 15 16 166 167 168 20 21 17 18 22 23 19 24 169 26 25 83 103 109 121 125 165 139 149 148 27 28 29 30 31 32 33 34 35 36 37 38 39 40 41 42 43 44 45 46 47 48 49 50 51 52 53 54 55 56 57 58 59 60 61 62 63 64 65 66 67 68 69 70 71 72 73 74 75 76 77 78 79 80 81 82 84 85 86 87 88 89 90 91 92 93 94 95 96 97 98 99 100 101 102 104 105 106 107 108 110 111 112 113 114 115 116 117 118 119 120 122 123 124 126 127 128 129 130 131 132 133 134 135 136 137 138 140 141 142 143 144 145 146 147 150 151 152 153 155 154 156 157 158 159 160 161 162 163 164) ((("ADP" 0 26) ("D-aspartate-peptidoglycan" 27 164) ("Pi" 165 169)) (("ATP" 0 30) ("CPD-302" 31 39) ("CPD-7695" 40 169))))
DBLINKS - (METANETX-RXN "MNXR115642" NIL |kothari| 3789143036 NIL NIL)
EC-NUMBER - EC-6.3.1.12
^OFFICIAL? - T
ENZYMATIC-REACTION - ENZRXN-17591
GIBBS-0 - -9.008087    
LEFT - CPD-7695
LEFT - CPD-302
LEFT - ATP
ORPHAN? - :NO
PHYSIOLOGICALLY-RELEVANT? - T
REACTION-BALANCE-STATUS - :BALANCED
REACTION-DIRECTION - PHYSIOL-LEFT-TO-RIGHT
RIGHT - PROTON
RIGHT - D-aspartate-peptidoglycan
RIGHT - ADP
RIGHT - Pi
