UNIQUE-ID - R7-RXN
TYPES - Chemical-Reactions
TYPES - Small-Molecule-Reactions
ATOM-MAPPINGS - :INVALID
ATOM-MAPPINGS - ((:NO-HYDROGEN-ENCODING (171 172 173 0 1 2 171 172 0 2 174 3 20 22 171 175 1 2 4 8 17 176 5 171 177 6 179 7 171 178 180 183 186 8 9 181 10 182 184 12 185 11 13 17 14 187 188 15 189 16 183 190 1 8 11 17 18 191 19 192 186 193 20 22 194 21 178 183 11 20 22 196 23 197 24 198 25 26 199 27 200 28 201 29 202 204 30 31 33 206 32 203 204 207 30 33 43 205 208 34 36 211 213 36 210 35 209 36 37 213 215 39 212 214 38 213 215 35 41 212 214 220 40 216 42 203 205 212 217 220 40 43 218 44 219 45 212 214 217 220 34 38 46 221 47 222 223 48 222 223 49 224 50 171 172 173 174 175 178 186 0 22 171 173 195 1 2 172 173 195 1 174 178 0 3 20 22 171 175 1 2 4 8 17 176 5 171 177 6 171 172 174 175 178 185 0 17 174 175 178 185 0 13 17 179 7 171 180 190 193 195 8 9 181 10 182 174 175 183 185 195 2 8 11 17 20 174 175 183 185 186 11 22 184 12 183 185 11 13 17 174 185 186 3 11 22 14 187 188 15 189 16 172 180 190 193 195 17 18 191 19 192 190 193 195 20 194 21 172 173 180 183 190 193 195 22 196 23 197 24 198 25 26 199 27 200 28 201 29 202 203 212 30 31 33 34 43 203 204 205 207 30 204 30 31 33 205 30 206 32 207 208 217 33 207 208 34 37 43 46 209 214 36 37 210 215 35 209 211 214 210 212 220 38 40 43 46 213 39 41 214 220 34 40 213 215 41 216 42 207 208 217 43 218 44 219 45 46 220 40 43 46 221 223 47 222 48 49 222 223 49 224 50) ((("ACETYL-COA" 0 170) ("S-3-HYDROXYBUTANOYL-COA" 171 372)) (("CO-A" 0 152) ("CPD-20" 153 372)))))
DBLINKS - (METANETX-RXN "MNXR111418" NIL |kothari| 3789143035 NIL NIL)
DBLINKS - (LIGAND-RXN "R07833" NIL |taltman| 3536627207 NIL NIL)
EC-NUMBER - EC-2.3.1
ENZYMATIC-REACTION - ENZRXN-329
GIBBS-0 - -7.0598755    
IN-PATHWAY - P3-PWY
LEFT - CPD-20
LEFT - CO-A
ORPHAN? - :NO
PHYSIOLOGICALLY-RELEVANT? - T
REACTION-BALANCE-STATUS - :BALANCED
REACTION-DIRECTION - LEFT-TO-RIGHT
RIGHT - S-3-HYDROXYBUTANOYL-COA
RIGHT - ACETYL-COA
