UNIQUE-ID - RXN-21502
TYPES - Chemical-Reactions
TYPES - Small-Molecule-Reactions
ATOM-MAPPINGS - :INVALID
ATOM-MAPPINGS - ((:NO-HYDROGEN-ENCODING (150 151 152 157 158 161 162 191 151 152 189 190 150 151 152 164 187 188 157 0 2 157 158 1 2 153 154 159 160 161 162 163 153 159 160 161 162 163 155 161 162 163 165 156 161 162 163 165 157 161 162 163 164 165 175 176 150 157 158 161 162 164 165 175 176 153 154 157 160 161 162 163 153 154 159 161 162 163 0 153 154 157 158 159 160 161 165 153 154 157 158 159 160 162 165 150 158 161 162 163 164 190 191 203 207 209 164 165 182 189 205 206 207 208 209 150 163 164 165 175 177 202 204 150 172 0 1 2 166 167 168 169 172 166 167 168 170 166 167 168 169 171 163 169 172 173 170 171 168 169 171 172 173 174 167 171 172 173 174 171 172 173 174 166 171 173 174 3 161 162 175 177 189 191 5 14 157 158 159 160 176 177 153 154 155 156 175 176 177 178 179 681 180 181 682 150 163 175 186 192 201 4 9 15 163 175 184 186 5 185 6 683 7 182 193 183 160 184 185 186 184 185 186 202 204 184 185 186 207 5 8 9 14 8 9 189 10 11 187 190 191 192 212 213 217 188 191 192 194 218 11 150 151 189 191 193 194 214 215 216 187 190 191 192 212 213 215 21 187 189 190 191 194 212 213 216 217 218 157 158 161 162 191 192 194 206 207 4 16 24 189 190 191 193 194 198 205 214 216 150 151 152 187 188 192 193 194 19 198 210 7 10 11 13 17 18 21 24 195 196 197 684 203 13 163 175 192 203 5 14 15 18 164 176 198 204 4 12 15 12 15 199 200 201 199 200 201 210 212 199 200 201 218 192 199 201 16 159 202 12 17 18 163 175 202 203 206 165 177 189 191 203 204 205 218 5 14 204 211 6 11 15 17 18 20 23 165 177 204 207 18 164 176 205 208 209 163 175 202 203 206 208 15 165 177 202 203 206 207 209 9 159 160 205 207 208 209 214 217 153 154 155 156 163 164 165 175 176 177 209 210 212 685 20 14 19 21 19 21 211 19 22 23 198 210 18 20 21 22 23 194 210 213 218 23 211 213 192 212 213 217 194 207 210 213 214 218 4 16 24 193 213 214 215 216 190 205 206 214 215 216 218 187 188 192 193 194 202 204 211 215 216 192 212 213 215 217 21 194 212 213 216 217 218 188 192 213 4 16 21 23 24 686 219 221 25 28 26 29 222 26 27 28 30 220 222 25 25 28 220 221 222 226 230 221 29 30 222 228 229 27 28 29 30 223 224 225 226 229 221 223 224 225 227 223 224 225 228 30 221 226 229 230 28 227 228 27 222 225 226 228 229 230 231 224 228 229 230 231 228 229 230 231 223 228 230 231 31 32 31 32 235 33 38 41 42 232 233 234 232 233 234 235 232 233 234 237 243 234 34 35 232 34 35 688 233 37 232 36 38 36 38 236 242 36 39 40 235 37 38 39 40 235 238 243 40 236 238 687 237 238 242 235 238 239 243 34 35 41 42 687 238 239 240 241 33 239 240 241 234 236 237 239 240 241 237 238 239 240 242 38 237 238 241 242 243 238 38 40 41 42 238 34 36 40 41 42 43 689 687 240 241) ((("CPD-23387" 0 149) ("CPD-23382" 150 680) ("CPD-23389" 681 691)) (("CPD-23388" 0 688) ("WATER" 689 691)))))
CREDITS - SRI
CREDITS - caspi
ENZYMATIC-REACTION - ENZRXN-29431
IN-PATHWAY - PWY-8156
LEFT - CPD-23388
LEFT - WATER
PHYSIOLOGICALLY-RELEVANT? - T
REACTION-BALANCE-STATUS - :BALANCED
REACTION-DIRECTION - PHYSIOL-LEFT-TO-RIGHT
RIGHT - CPD-23389
RIGHT - CPD-23382
RIGHT - CPD-23387
