UNIQUE-ID - RXN-5471
TYPES - Chemical-Reactions
TYPES - Small-Molecule-Reactions
COMMON-NAME - dolichyl-<i>P</i>-Glc:Glc1Man2GlcNAc2-<i>PP</i>dolichol &alpha;-1,3-glucosyltransferase
ATOM-MAPPINGS - (:NO-HYDROGEN-ENCODING (0 1 2 3 4 5 6 7 8 9 10 11 12 13 14 15 16 17 18 19 20 21 22 23 24 25 26 27 28 29 30 31 32 33 34 35 36 37 38 39 40 41 42 43 44 45 46 47 48 49 50 51 52 53 54 55 56 57 58 59 60 61 62 63 64 65 73 67 68 69 70 71 72 74 75 76 77 78 79 80 81 82 83 84 85 86 87 88 89 90 91 92 93 94 95 96 104 98 99 100 101 102 103 105 106 107 108 109 110 111 119 113 114 115 116 117 118 120 121 122 123 124 141 126 127 128 129 130 131 136 133 134 135 137 138 139 140 142 143 144 145 146 147 148 149 150 151 155 153 154 156 157 158 159 160 161 162 163 171 165 166 167 168 169 170 172 173 174 175 176 184 178 179 180 181 182 183 185 186 187 188 189 226 191 192 193 194 195 196 201 198 199 200 202 203 204 205 206 207 208 209 210 214 212 213 215 216 217 218 219 220 221 222 223 224 225 227 228 229 230 231 232 233 234 235 236 237 238 239 240 241 242 243 244 245 246 247 248 249 250 251 252 253 254 255 256 257 258 259 260 261 262 263 264 265 266 267 268 269 270 271 272 273 274 275 276 277 278 279 280 281 282 283 284 285 286 287 288 289 290 291 292 293 294 295 296 297 298 299 300 301 66 302 303 304 305 306 307 308 309 310 311 312 313 314 315 316 317 97 112 125 132 152 164 177 190 197 318 320 321 211 319 322) (((CPD-5170 0 237) (DOLICHOLP 238 322)) ((CPD-5169 0 226) (CPD-166 227 322))))
CITATIONS - 12480927
CITATIONS - 3536907
CREDITS - SRI
CREDITS - caspi
DBLINKS - (METANETX-RXN "MNXR121816" NIL |kothari| 3789143027 NIL NIL)
DBLINKS - (LIGAND-RXN "R06263" NIL |kr| 3650824949 NIL NIL)
DBLINKS - (RHEA "31310" NIL |kothari| 3571757994 NIL NIL)
EC-NUMBER - EC-2.4.1.265
^OFFICIAL? - T
ENZYMATIC-REACTION - ENZRXN-7432
GIBBS-0 - 7.5214844    
IN-PATHWAY - MANNOSYL-CHITO-DOLICHOL-BIOSYNTHESIS
LEFT - CPD-166
LEFT - CPD-5169
ORPHAN? - :NO
PHYSIOLOGICALLY-RELEVANT? - T
REACTION-BALANCE-STATUS - :BALANCED
REACTION-DIRECTION - PHYSIOL-LEFT-TO-RIGHT
RIGHT - CPD-5170
RIGHT - DOLICHOLP
RIGHT - PROTON
RXN-LOCATIONS - CCO-RGH-ER-LUM
