UNIQUE-ID - RXN-12366
TYPES - Chemical-Reactions
TYPES - Small-Molecule-Reactions
ATOM-MAPPINGS - (:NO-HYDROGEN-ENCODING (0 1 2 3 4 5 6 7 8 9 10 11 12 13 14 15 16 17 18 19 20 21 22 23 24 25 26 27 28 29 30 31 32 33 34 35 36 37 38 39 40 41 42 43 109 44 45 46 47 48 49 50 51 52 53 54 115 124 126 132 133 145 147 151 152 153 58 161 163 60 61 62 63 64 65 66 67 68 69 70 71 72 73 74 75 76 77 78 79 80 81 82 83 84 85 86 87 88 89 90 91 92 93 94 95 96 97 98 99 100 101 102 103 104 105 106 107 108 110 111 112 113 114 116 117 118 119 120 121 122 123 125 127 128 129 130 131 134 135 136 137 138 139 140 141 142 143 144 146 56 55 57 148 150 149 154 155 156 157 158 159 160 59 162) (((CPD-9646 0 59) (CPD-13350 60 163)) ((CPD0-1189 0 68) (LIPID-IV-A 69 163))))
ATOM-MAPPINGS - (:NO-HYDROGEN-ENCODING (0 1 2 3 4 5 6 7 8 9 10 11 12 13 14 15 16 17 18 19 20 21 22 23 24 25 26 27 28 29 30 31 32 33 34 35 36 37 38 39 40 41 42 43 109 44 45 46 47 48 49 50 51 52 53 54 115 124 126 132 133 145 147 56 57 153 58 161 59 60 61 62 63 64 65 66 67 68 69 70 71 72 73 74 75 76 77 78 79 80 81 82 83 84 85 86 87 88 89 90 91 92 93 94 95 96 97 98 99 100 101 102 103 104 105 106 107 108 110 111 112 113 114 116 117 118 119 120 121 122 123 125 127 128 129 130 131 134 135 136 137 138 139 140 141 142 143 144 146 151 152 55 148 150 149 154 155 156 157 158 159 160 163 162) (((CPD-9646 0 59) (CPD-13350 60 163)) ((CPD0-1189 0 68) (LIPID-IV-A 69 163))))
CREDITS - SRI
CREDITS - caspi
DBLINKS - (LIGAND-RXN "R09773" NIL |kothari| 3789150531 NIL NIL)
DBLINKS - (METANETX-RXN "MNXR113177" NIL |kothari| 3789143028 NIL NIL)
DBLINKS - (RHEA "27733" NIL |kothari| 3571758007 NIL NIL)
EC-NUMBER - EC-2.4.2.43
^OFFICIAL? - T
GIBBS-0 - 2.496338    
LEFT - LIPID-IV-A
LEFT - CPD0-1189
ORPHAN? - :NO
PHYSIOLOGICALLY-RELEVANT? - T
REACTION-BALANCE-STATUS - :BALANCED
REACTION-DIRECTION - PHYSIOL-LEFT-TO-RIGHT
RIGHT - CPD-13350
RIGHT - CPD-9646
RXN-LOCATIONS - CCO-PERI-BAC
