UNIQUE-ID - RXN-11031
TYPES - Chemical-Reactions
TYPES - Small-Molecule-Reactions
ATOM-MAPPINGS - (:NO-HYDROGEN-ENCODING (339 340 341 342 343 344 345 346 347 348 349 18 16 13 11 327 333 20 19 23 25 28 27 350 351 352 353 354 355 356 357 358 43 41 359 360 361 362 363 364 365 366 367 368 369 370 371 372 373 374 375 376 69 63 68 66 73 71 77 75 377 378 80 82 85 84 379 380 381 382 383 384 385 386 387 388 105 103 100 98 328 334 107 106 110 112 115 114 125 119 124 122 129 127 130 132 135 134 141 139 142 144 147 146 150 152 154 156 159 158 163 162 181 179 168 166 173 171 178 176 329 335 185 183 189 187 191 193 195 190 324 199 203 201 208 206 330 336 209 211 214 213 220 218 225 222 226 228 231 230 234 236 239 238 245 243 246 248 250 269 265 254 252 259 257 264 262 331 332 337 338 278 277 273 274 285 286 281 282 392 393 390 389 394 294 293 298 300 302 297 305 308 307 287 395 397 396 0 1 2 3 4 5 6 7 8 9 10 17 15 12 14 315 321 21 22 24 26 29 30 31 32 33 34 35 36 37 38 39 42 40 44 45 46 47 48 49 50 51 52 53 54 55 56 57 58 59 60 61 64 62 67 65 72 70 76 74 78 79 81 83 86 87 88 89 90 91 92 93 94 95 96 97 104 102 99 101 316 322 108 109 111 113 116 117 120 118 123 121 128 126 131 133 136 137 140 138 143 145 148 149 151 153 155 157 160 161 164 165 180 170 167 169 172 174 177 175 317 323 184 182 188 186 192 194 196 197 200 198 202 204 207 205 318 221 210 212 215 216 219 217 224 223 227 229 232 233 235 237 240 241 244 242 247 249 251 267 256 253 255 258 260 263 261 319 320 325 326 275 276 271 272 283 284 279 280 288 289 290 291 292 295 296 299 301 303 304 306 309 310 311 312 313 314 268 266 270 391) (((CPD-12000 0 314) ((D-ALANINE 1) 315 320) ((D-ALANINE 2) 321 326) ((D-ALANINE 3) 327 332) ((D-ALANINE 4) 333 338) (CPD-11984 339 397)) (((CPD-12260 1) 0 196) ((CPD-12260 2) 197 393) ((WATER 1) 394 394) ((WATER 2) 395 395) ((WATER 3) 396 396) ((WATER 4) 397 397))))
CITATIONS - 11555614
CREDITS - SRI
CREDITS - caspi
DBLINKS - (METANETX-RXN "MNXR143796" NIL |kothari| 3789143034 NIL NIL)
ENZYMATIC-REACTION - ENZRXN-17279
GIBBS-0 - -7.590027    
IN-PATHWAY - PWY-6385
LEFT - CPD-12260
^COEFFICIENT - 2
LEFT - WATER
^COEFFICIENT - 4
ORPHAN? - :NO
PHYSIOLOGICALLY-RELEVANT? - T
REACTION-BALANCE-STATUS - :BALANCED
REACTION-DIRECTION - LEFT-TO-RIGHT
RIGHT - PROTON
RIGHT - CPD-12000
RIGHT - D-ALANINE
^COEFFICIENT - 4
RIGHT - CPD-11984
