UNIQUE-ID - RXN-17178
TYPES - Chemical-Reactions
TYPES - Small-Molecule-Reactions
ATOM-MAPPINGS - (:NO-HYDROGEN-ENCODING (3 192 8 12 16 20 193 25 194 30 195 35 196 40 197 45 198 50 199 55 59 63 67 200 72 201 77 202 82 203 87 204 92 205 97 101 206 207 107 111 115 208 209 210 211 212 213 215 214 216 128 217 218 219 220 221 222 223 224 226 138 227 228 229 225 230 150 231 2 4 7 11 15 19 21 24 26 29 31 34 36 39 41 44 46 49 51 54 58 62 66 68 71 73 76 78 81 83 86 88 91 93 96 100 102 103 106 110 114 116 117 118 121 119 120 123 122 124 127 129 130 131 139 132 143 133 134 145 137 140 141 142 144 146 148 151 1 152 6 10 14 18 153 23 154 28 155 33 156 38 157 43 158 48 159 53 57 61 65 160 70 161 75 162 80 163 85 164 90 165 95 99 166 167 105 109 113 168 169 170 171 172 173 175 174 176 126 177 178 179 180 181 182 183 184 186 136 187 188 189 185 190 147 191 0 232 5 9 13 17 233 22 234 27 235 32 236 37 237 42 238 47 239 52 56 60 64 240 69 241 74 242 79 243 84 244 89 245 94 98 246 247 104 108 112 248 249 250 251 252 253 255 254 256 125 257 258 259 260 261 262 263 264 266 135 267 268 269 265 270 149 271) (((CPD-18567 0 151) ((CPD-18702 1) 152 191) ((CPD-18702 2) 192 231) ((CPD-18702 3) 232 271)) (((CPD-18565 1) 0 67) ((CPD-18565 2) 68 135) ((CPD-18565 3) 136 203) ((CPD-18565 4) 204 271))))
CITATIONS - 25331437
CREDITS - SRI
CREDITS - caspi
DBLINKS - (METANETX-RXN "MNXR120719" NIL |kothari| 3789143035 NIL NIL)
EC-NUMBER - EC-2.3.1.M11
^OFFICIAL? - T
ENZYMATIC-REACTION - ENZRXN-24341
GIBBS-0 - 0.    
IN-PATHWAY - PWY-7738
LEFT - CPD-18565
^COEFFICIENT - 4
ORPHAN? - :NO
PHYSIOLOGICALLY-RELEVANT? - T
REACTION-BALANCE-STATUS - :BALANCED
REACTION-DIRECTION - LEFT-TO-RIGHT
RIGHT - CPD-18567
RIGHT - CPD-18702
^COEFFICIENT - 3
