UNIQUE-ID - RXN-5472
TYPES - Chemical-Reactions
TYPES - Small-Molecule-Reactions
ATOM-MAPPINGS - (:NO-HYDROGEN-ENCODING (0 1 2 3 4 5 6 7 8 9 10 11 12 13 14 15 16 17 18 19 20 21 22 23 24 25 26 27 28 29 30 31 32 33 34 35 36 37 38 39 40 41 42 43 44 45 46 47 48 49 50 51 52 53 54 55 56 57 58 59 60 61 62 63 64 65 70 66 68 69 71 72 73 75 74 76 77 78 79 80 81 82 83 84 85 86 87 88 89 90 91 92 93 94 95 96 97 102 98 100 101 103 104 105 107 106 108 109 110 111 112 113 118 114 116 117 119 120 121 123 122 124 125 126 127 132 128 130 131 133 134 135 150 136 138 139 141 140 142 143 144 146 145 147 148 149 151 152 153 154 155 156 164 157 159 160 161 162 163 165 166 167 168 169 174 170 172 173 175 176 177 179 178 180 181 182 183 188 184 186 187 189 190 191 193 192 194 195 196 197 202 198 200 201 203 204 205 241 206 208 209 211 210 212 213 214 215 216 217 218 219 226 220 222 223 224 225 227 228 229 230 231 232 233 234 235 237 236 238 239 240 242 243 244 245 246 247 248 249 250 251 252 253 254 255 256 257 258 259 260 261 262 263 264 265 266 267 268 269 270 271 272 273 274 275 276 277 278 279 280 281 282 283 284 285 286 287 288 289 290 291 292 293 294 295 296 297 298 299 300 301 302 303 304 305 306 307 308 309 310 311 312 67 313 314 315 316 317 318 319 320 321 322 323 324 325 326 327 328 99 115 129 137 158 171 185 199 207 329 330 332 221 331 333) (((CPD-18076 0 248) (DOLICHOLP 249 333)) ((CPD-5170 0 237) (CPD-166 238 333))))
CREDITS - SRI
CREDITS - caspi
DBLINKS - (METANETX-RXN "MNXR121817" NIL |kothari| 3789143036 NIL NIL)
DBLINKS - (LIGAND-RXN "R06264" NIL |kr| 3650824949 NIL NIL)
DBLINKS - (RHEA "29546" NIL |kothari| 3571758024 NIL NIL)
EC-NUMBER - EC-2.4.1.256
^OFFICIAL? - T
ENZYMATIC-REACTION - ENZRXN-7433
GIBBS-0 - 7.52124    
IN-PATHWAY - MANNOSYL-CHITO-DOLICHOL-BIOSYNTHESIS
LEFT - CPD-166
LEFT - CPD-5170
ORPHAN? - :NO
PHYSIOLOGICALLY-RELEVANT? - T
REACTION-BALANCE-STATUS - :BALANCED
REACTION-DIRECTION - PHYSIOL-LEFT-TO-RIGHT
RIGHT - CPD-18076
RIGHT - DOLICHOLP
RIGHT - PROTON
RXN-LOCATIONS - CCO-RGH-ER-LUM
