UNIQUE-ID - RXN-5467
TYPES - Chemical-Reactions
TYPES - Small-Molecule-Reactions
ATOM-MAPPINGS - (:NO-HYDROGEN-ENCODING (0 1 2 3 4 5 6 7 8 9 10 11 12 13 14 15 16 17 18 19 20 21 22 23 24 25 26 27 28 29 30 31 32 33 34 35 36 37 38 39 40 41 42 43 44 45 46 47 48 49 50 51 52 53 54 55 56 57 58 59 60 61 62 63 64 65 68 67 69 70 71 72 73 74 75 76 77 78 79 80 81 82 83 84 85 86 87 88 89 90 91 92 95 94 96 97 98 99 100 101 102 103 106 105 107 108 109 110 111 112 115 114 116 117 126 119 120 121 122 123 124 125 127 128 129 130 131 135 133 134 136 137 138 139 142 141 143 144 145 146 147 148 149 152 151 153 154 155 156 157 158 161 160 162 163 187 165 166 167 168 169 170 171 172 173 174 177 176 178 179 180 181 182 183 184 185 186 188 189 190 191 192 193 194 195 196 197 198 199 200 201 202 203 204 205 206 207 208 209 210 211 212 213 214 215 216 217 218 219 220 221 222 223 224 225 226 227 228 229 230 231 232 233 234 235 236 237 238 239 240 241 242 243 244 245 246 247 248 249 250 251 252 253 254 255 256 257 66 258 259 260 261 262 263 264 265 266 267 268 269 270 271 272 273 93 104 113 118 132 140 150 159 164 274 276 277 175 275 278) (((CPD-5166 0 193) (DOLICHOLP 194 278)) ((CPD-5165 0 182) (CPD-171 183 278))))
CREDITS - SRI
CREDITS - caspi
DBLINKS - (METANETX-RXN "MNXR121812" NIL |kothari| 3789143028 NIL NIL)
DBLINKS - (LIGAND-RXN "R06259" NIL |kr| 3650824949 NIL NIL)
DBLINKS - (RHEA "29534" NIL |kothari| 3571758023 NIL NIL)
EC-NUMBER - EC-2.4.1.259
^OFFICIAL? - T
ENZYMATIC-REACTION - ENZRXN-7429
GIBBS-0 - 7.5214844    
IN-PATHWAY - MANNOSYL-CHITO-DOLICHOL-BIOSYNTHESIS
LEFT - CPD-171
LEFT - CPD-5165
ORPHAN? - :NO
PHYSIOLOGICALLY-RELEVANT? - T
REACTION-BALANCE-STATUS - :BALANCED
REACTION-DIRECTION - LEFT-TO-RIGHT
RIGHT - CPD-5166
RIGHT - DOLICHOLP
RIGHT - PROTON
RXN-LOCATIONS - CCO-RGH-ER-LUM
