UNIQUE-ID - RXN-11030
TYPES - Chemical-Reactions
TYPES - Small-Molecule-Reactions
ATOM-MAPPINGS - (:NO-HYDROGEN-ENCODING (339 340 341 342 343 344 345 346 347 348 349 15 16 12 11 327 333 20 19 23 25 28 27 350 351 352 353 354 355 356 357 358 40 41 359 360 361 362 363 364 365 366 367 368 369 370 371 372 373 374 375 376 62 63 65 66 70 71 74 75 377 378 80 82 85 84 379 380 381 382 383 384 385 386 387 388 102 103 99 98 328 334 107 106 110 112 115 114 118 119 121 122 126 127 130 132 135 134 138 139 142 144 147 146 150 152 154 156 159 158 163 162 179 180 167 166 171 170 175 176 329 335 174 183 186 187 191 193 195 190 198 199 202 201 205 206 330 336 209 211 214 213 217 218 222 221 226 228 231 230 234 236 239 238 242 243 246 248 250 265 267 253 252 257 256 261 262 331 332 337 338 268 260 273 274 279 280 281 282 392 393 390 391 394 294 293 298 300 302 297 305 308 307 287 395 397 396 0 1 2 3 4 5 6 7 8 9 10 18 17 13 14 315 321 21 22 24 26 29 30 31 32 33 34 35 36 37 38 39 43 42 44 45 46 47 48 49 50 51 52 53 54 55 56 57 58 59 60 61 69 64 68 67 73 72 77 76 78 79 81 83 86 87 88 89 90 91 92 93 94 95 96 97 105 104 100 101 316 322 108 109 111 113 116 117 125 120 124 123 129 128 131 133 136 137 141 140 143 145 148 149 151 153 155 157 160 161 164 165 182 181 168 169 172 173 178 177 317 323 185 184 189 188 192 194 196 197 225 200 203 204 208 207 318 324 210 212 215 216 220 219 224 223 227 229 232 233 235 237 240 241 245 244 247 249 251 271 269 254 255 258 259 264 263 319 320 325 326 277 278 275 276 285 286 283 284 288 289 290 291 292 295 296 299 301 303 304 306 309 310 311 312 313 314 389 266 270 272) (((CPD-11999 0 314) ((D-ALANINE 1) 315 320) ((D-ALANINE 2) 321 326) ((D-ALANINE 3) 327 332) ((D-ALANINE 4) 333 338) (CPD-11984 339 397)) (((CPD-12260 1) 0 196) ((CPD-12260 2) 197 393) ((WATER 1) 394 394) ((WATER 2) 395 395) ((WATER 3) 396 396) ((WATER 4) 397 397))))
CREDITS - SRI
CREDITS - caspi
DBLINKS - (METANETX-RXN "MNXR143795" NIL |kothari| 3789143035 NIL NIL)
ENZYMATIC-REACTION - ENZRXN-17255
GIBBS-0 - -7.590027    
IN-PATHWAY - PWY-6385
LEFT - CPD-12260
^COEFFICIENT - 2
LEFT - WATER
^COEFFICIENT - 4
ORPHAN? - :NO
PHYSIOLOGICALLY-RELEVANT? - T
REACTION-BALANCE-STATUS - :BALANCED
REACTION-DIRECTION - LEFT-TO-RIGHT
RIGHT - PROTON
RIGHT - CPD-11999
RIGHT - CPD-11984
RIGHT - D-ALANINE
^COEFFICIENT - 4
