UNIQUE-ID - RXN-16181
TYPES - Protein-Modification-Reactions
ATOM-MAPPINGS - (:NO-HYDROGEN-ENCODING (0 1 2 3 4 5 6 7 8 9 10 11 12 13 14 15 16 94 92 93 17 19 89 91 20 21 95 90 97 22 96 28 29 35 36 40 41 46 48 39 49 44 56 55 88 18 26 50 24 23 60 59 45 34 47 31 27 30 54 33 32 37 61 62 63 64 38 25 80 78 65 52 43 42 79 51 66 53 67 68 69 82 70 71 83 57 72 58 73 74 86 87 85 75 76 77 81 84) ((("AMP" 0 22) ("CPD-17428" 23 58) ("ACP" 59 87) ("WATER" 88 88) ("PPI" 89 97)) (("ATP" 0 30) ("TRP" 31 45) ("CPD-17434" 46 97))))
ATOM-MAPPINGS - (:NO-HYDROGEN-ENCODING (0 1 2 3 4 5 6 7 8 9 10 11 12 13 14 15 16 94 92 93 17 19 89 91 20 21 95 18 97 22 96 28 29 35 36 40 41 46 48 39 49 44 56 55 88 90 26 50 24 23 60 59 45 34 47 31 27 30 54 33 32 37 61 62 63 64 38 25 80 78 65 52 43 42 79 51 66 53 67 68 69 82 70 71 83 57 72 58 73 74 86 87 85 75 76 77 81 84) ((("AMP" 0 22) ("CPD-17428" 23 58) ("ACP" 59 87) ("WATER" 88 88) ("PPI" 89 97)) (("ATP" 0 30) ("TRP" 31 45) ("CPD-17434" 46 97))))
ATOM-MAPPINGS - (:NO-HYDROGEN-ENCODING (0 1 2 3 4 5 6 7 8 9 10 11 12 13 14 15 16 89 91 90 17 19 94 92 20 21 95 18 96 22 97 28 29 35 36 40 41 46 48 39 49 53 56 55 88 58 26 50 24 23 60 59 45 34 47 31 27 30 54 33 32 37 61 62 63 64 38 25 80 78 65 52 43 42 79 51 66 44 67 68 69 82 70 71 83 57 72 93 73 74 86 87 85 75 76 77 81 84) ((("AMP" 0 22) ("CPD-17428" 23 58) ("ACP" 59 87) ("WATER" 88 88) ("PPI" 89 97)) (("ATP" 0 30) ("TRP" 31 45) ("CPD-17434" 46 97))))
ATOM-MAPPINGS - (:NO-HYDROGEN-ENCODING (0 1 2 3 4 5 6 7 8 9 10 11 12 13 14 15 16 89 91 90 17 19 94 92 20 21 95 18 96 22 97 28 29 35 36 40 41 46 48 39 49 53 56 55 93 58 26 50 24 23 60 59 45 34 47 31 27 30 54 33 32 37 61 62 63 64 38 25 80 78 65 52 43 42 79 51 66 44 67 68 69 82 70 71 83 57 72 88 73 74 86 87 85 75 76 77 81 84) ((("AMP" 0 22) ("CPD-17428" 23 58) ("ACP" 59 87) ("WATER" 88 88) ("PPI" 89 97)) (("ATP" 0 30) ("TRP" 31 45) ("CPD-17434" 46 97))))
ATOM-MAPPINGS - (:NO-HYDROGEN-ENCODING (0 1 2 3 4 5 6 7 8 9 10 11 12 13 14 15 16 89 91 90 17 19 94 92 20 21 95 93 96 22 97 28 29 35 36 40 41 46 48 39 49 53 56 55 88 58 26 50 24 23 60 59 45 34 47 31 27 30 54 33 32 37 61 62 63 64 38 25 80 78 65 52 43 42 79 51 66 44 67 68 69 82 70 71 83 57 72 18 73 74 86 87 85 75 76 77 81 84) ((("AMP" 0 22) ("CPD-17428" 23 58) ("ACP" 59 87) ("WATER" 88 88) ("PPI" 89 97)) (("ATP" 0 30) ("TRP" 31 45) ("CPD-17434" 46 97))))
ATOM-MAPPINGS - (:NO-HYDROGEN-ENCODING (0 1 2 3 4 5 6 7 8 9 10 11 12 13 14 15 16 89 91 90 17 19 94 92 20 21 95 93 96 22 97 28 29 35 36 40 41 46 48 39 49 53 56 55 18 58 26 50 24 23 60 59 45 34 47 31 27 30 54 33 32 37 61 62 63 64 38 25 80 78 65 52 43 42 79 51 66 44 67 68 69 82 70 71 83 57 72 88 73 74 86 87 85 75 76 77 81 84) ((("AMP" 0 22) ("CPD-17428" 23 58) ("ACP" 59 87) ("WATER" 88 88) ("PPI" 89 97)) (("ATP" 0 30) ("TRP" 31 45) ("CPD-17434" 46 97))))
CITATIONS - 23611317
CITATIONS - 17636916
CREDITS - O-28
CREDITS - hartmut
DBLINKS - (METANETX-RXN "MNXR119920" NIL |kothari| 3789143037 NIL NIL)
EC-NUMBER - EC-6.3.2
ENZYMATIC-REACTION - ENZRXN-23463
ENZYMATIC-REACTION - ENZRXN-23438
GIBBS-0 - 195.70605    
IN-PATHWAY - PWY-7612
LEFT - CPD-17434
LEFT - TRP
LEFT - ATP
LEFT - NADPH
ORPHAN? - :NO
PHYSIOLOGICALLY-RELEVANT? - T
REACTION-BALANCE-STATUS - :BALANCED
REACTION-DIRECTION - LEFT-TO-RIGHT
RIGHT - CPD-17428
RIGHT - ACP
RIGHT - AMP
RIGHT - PPI
RIGHT - WATER
RIGHT - NADP
