UNIQUE-ID - RXN-19318
TYPES - Chemical-Reactions
TYPES - Small-Molecule-Reactions
ATOM-MAPPINGS - :INVALID
ATOM-MAPPINGS - ((:NO-HYDROGEN-ENCODING (42 43 51 63 62 64 92 93 54 67 68 74 140 143 82 85 92 86 87 139 74 86 140 8 91 64 68 91 92 64 87 93 143 104 105 107 109 147 105 106 114 108 108 109 114 106 107 108 109 148 122 131 122 129 150 22 124 123 125 128 129 131 151 132 40 41 41 42 43 44 45 46 47 48 49 50 57 51 88 52 53 55 53 54 55 55 56 53 56 49 50 57 58 60 59 57 60 61 62 40 0 1 65 66 66 67 64 69 74 70 71 72 96 73 98 65 86 2 75 76 78 83 77 78 82 91 77 78 79 80 85 7 80 81 82 85 9 81 83 84 78 92 3 86 4 5 4 5 88 89 9 73 89 64 90 85 6 76 85 7 86 93 8 91 9 62 94 60 69 95 96 0 97 88 98 9 99 100 100 101 105 106 101 105 102 99 103 103 104 10 106 114 13 107 11 110 111 107 112 105 12 114 13 113 114 14 115 116 117 121 116 117 118 117 119 17 118 119 120 121 151 122 15 15 16 115 120 17 20 18 126 120 127 19 21 122 125 130 22 130 19 23 133 134 64 91 135 136 137 138 139 140 135 141 64 67 142 143 8 144 145 146 107 145 107 146 147 148 14 149 122 150 151 22 152) ((("GMP" 0 39) ("CPD-20852" 40 274)) (("CPD-20851" 0 63) ("ADENOSYLCOBINAMIDE-GDP" 64 274)))))
CITATIONS - 21696461
CREDITS - SRI
CREDITS - caspi
EC-NUMBER - EC-2.7.8.26
^OFFICIAL? - NIL
ENZYMATIC-REACTION - ENZRXN-26133
GIBBS-0 - 40.751816    
IN-PATHWAY - PWY-7965
LEFT - ADENOSYLCOBINAMIDE-GDP
LEFT - CPD-20851
ORPHAN? - :NO
PHYSIOLOGICALLY-RELEVANT? - T
REACTION-BALANCE-STATUS - :BALANCED
REACTION-DIRECTION - PHYSIOL-LEFT-TO-RIGHT
RIGHT - CPD-20852
RIGHT - GMP
RIGHT - PROTON
