UNIQUE-ID - RXN-21330
TYPES - Chemical-Reactions
TYPES - Small-Molecule-Reactions
ATOM-MAPPINGS - (:NO-HYDROGEN-ENCODING (0 1 2 3 4 5 6 7 8 9 10 11 12 13 14 15 16 17 18 19 20 21 22 23 24 25 26 27 28 29 30 31 32 33 34 35 36 37 38 39 40 41 42 43 44 45 153 46 47 48 49 50 51 52 53 54 55 56 57 58 59 60 61 62 63 64 65 155 66 67 68 70 71 69 72 73 74 158 76 77 78 79 75 160 80 82 83 84 85 162 86 88 89 90 87 91 92 93 94 95 81 96 97 164 98 100 101 99 102 168 103 104 105 106 107 108 109 170 111 112 113 114 110 172 115 117 118 119 120 174 121 123 124 125 122 126 127 128 129 130 131 132 133 134 135 136 182 137 138 139 141 140 142 143 144 146 116 145 147 148 149 150 151 152 154 156 157 159 161 163 165 166 167 169 171 173 175 178 183 179 176 177 180 181 184 186 185) ((("CPD-23230" 0 150) ("CPD-12575" 151 186)) (("CPD-23232" 0 161) ("UDP" 162 186))))
CREDITS - SRI
CREDITS - keseler
EC-NUMBER - EC-2.4.1
IN-PATHWAY - PWY-8133
LEFT - CPD-12575
LEFT - CPD-23230
PHYSIOLOGICALLY-RELEVANT? - T
REACTION-BALANCE-STATUS - :BALANCED
REACTION-DIRECTION - PHYSIOL-LEFT-TO-RIGHT
RIGHT - CPD-23232
RIGHT - UDP
RIGHT - PROTON
