UNIQUE-ID - RXN-12183
TYPES - Chemical-Reactions
TYPES - Small-Molecule-Reactions
ATOM-MAPPINGS - :INVALID
ATOM-MAPPINGS - ((:NO-HYDROGEN-ENCODING (580 432 137 0 289 579 580 432 433 439 0 577 432 433 434 439 447 137 138 144 152 0 1 7 15 293 578 762 435 452 155 157 20 292 436 292 579 437 293 438 143 294 580 439 7 145 296 440 146 441 297 578 734 147 442 298 578 746 762 443 452 155 157 18 20 149 300 444 150 445 301 151 446 302 579 580 447 1 7 15 153 304 448 154 305 449 581 450 18 20 156 451 307 581 583 452 20 453 158 309 454 310 455 310 161 312 456 162 313 457 163 458 314 164 459 315 584 587 736 584 747 748 763 764 460 468 168 175 31 326 461 166 317 462 30 40 463 31 587 464 320 322 324 465 180 321 323 466 169 320 322 587 468 173 180 36 324 467 172 174 323 470 175 38 43 587 469 174 37 471 176 327 472 475 40 178 473 329 474 179 330 475 175 177 180 476 181 332 333 477 182 183 333 478 183 46 479 335 588 580 583 433 447 0 1 289 579 580 583 432 433 447 0 1 295 432 433 439 447 137 138 139 142 144 152 2 582 140 141 3 141 4 142 5 577 579 580 582 762 450 452 155 157 0 15 288 289 291 295 299 303 577 6 580 581 583 762 439 447 7 8 9 10 746 450 452 148 155 157 11 578 581 582 762 432 433 439 447 144 152 290 291 306 308 578 581 582 583 762 439 447 144 152 290 306 308 12 13 14 579 580 581 582 583 762 138 144 15 16 17 578 579 580 581 583 762 157 18 19 579 580 581 583 450 452 20 21 159 22 160 23 310 24 25 26 27 748 463 165 168 28 585 587 735 736 763 764 462 472 167 177 319 584 585 586 763 764 462 472 167 177 31 316 320 584 585 586 587 764 462 472 167 177 319 461 29 585 586 763 764 177 30 584 585 586 763 764 31 34 33 32 587 36 43 35 321 587 470 38 43 469 475 170 172 33 35 37 39 585 586 763 764 462 472 40 41 42 173 32 34 36 43 44 44 45 332 478 182 44 45 46 184 47 579 433 138 0 288 579 447 137 138 1 577 579 580 139 2 581 583 140 3 141 4 291 142 5 290 577 578 579 580 581 583 762 434 138 152 0 1 7 15 288 289 290 303 577 143 579 581 447 144 145 146 147 578 581 582 583 148 157 11 18 306 577 578 579 580 762 435 443 155 157 18 20 299 306 308 577 579 580 582 583 762 435 443 450 155 157 18 20 299 306 308 149 150 151 579 580 152 0 1 7 288 289 295 153 154 581 583 746 155 20 308 156 581 582 734 450 157 158 159 22 311 160 23 161 162 163 164 584 585 586 587 165 28 31 319 584 764 460 462 168 169 171 180 31 316 319 586 735 748 764 472 475 168 319 586 587 735 764 460 463 168 31 34 316 319 462 166 167 40 328 586 747 748 168 169 170 587 171 468 173 467 172 587 173 175 172 174 176 585 462 177 180 178 179 587 471 475 173 180 32 181 477 182 182 183 44 184 47 577 579 432 288 303 577 579 433 144 289 303 290 291 292 293 577 579 580 581 734 432 433 439 447 450 452 18 20 294 577 579 762 295 303 296 297 298 299 579 581 583 746 439 447 450 452 7 15 291 578 579 581 582 583 762 439 447 7 15 18 300 301 302 580 303 304 305 581 583 734 746 762 306 307 578 581 582 306 308 309 310 311 312 313 314 315 316 585 586 735 747 748 764 462 463 472 30 40 586 587 747 462 463 30 40 584 585 586 764 462 472 30 31 40 317 318 586 735 736 747 748 763 764 319 322 321 42 320 38 324 469 323 587 468 470 326 587 467 33 325 327 763 764 318 328 331 329 330 587 468 326 331 332 333 477 334 335) (((("CO-A" 1) 0 136) (("CO-A" 2) 137 287) (("CO-A" 3) 288 431) (("CO-A" 4) 432 576) ("HYDROXYLATED-TETRAKETIDE-PYRONE" 577 733) (("CARBON-DIOXIDE" 1) 734 745) (("CARBON-DIOXIDE" 2) 746 761) (("CARBON-DIOXIDE" 3) 762 797)) (("HYDROXY-ACYL-COA" 0 198) (("MALONYL-COA" 1) 199 432) (("MALONYL-COA" 2) 433 640) (("MALONYL-COA" 3) 641 797)))))
CREDITS - THE-ARABIDOPSIS-INFORMATION-RESOURCE
CREDITS - zhang
DBLINKS - (METANETX-RXN "MNXR117400" NIL |kothari| 3789143036 NIL NIL)
ENZYMATIC-REACTION - ENZRXN-18801
ENZYMATIC-REACTION - ENZRXN-18800
GIBBS-0 - 278.32788    
LEFT - HYDROXY-ACYL-COA
LEFT - MALONYL-COA
^COEFFICIENT - 3
LEFT - PROTON
^COEFFICIENT - 2
ORPHAN? - :NO
PHYSIOLOGICALLY-RELEVANT? - T
REACTION-BALANCE-STATUS - :BALANCED
RIGHT - HYDROXYLATED-TETRAKETIDE-PYRONE
RIGHT - CARBON-DIOXIDE
^COEFFICIENT - 3
RIGHT - CO-A
^COEFFICIENT - 4
