UNIQUE-ID - RXN-14361
TYPES - Chemical-Reactions
TYPES - Small-Molecule-Reactions
ATOM-MAPPINGS - (:NO-HYDROGEN-ENCODING (0 1 2 3 4 5 6 7 8 9 10 11 12 13 14 15 16 17 18 19 20 21 22 23 24 25 26 27 28 29 30 31 32 33 34 35 36 37 38 39 40 41 42 43 44 45 46 47 48 49 50 51 52 53 54 55 56 57 58 59 60 61 62 63 64 65 66 67 68 69 70 71 72 73 75 76 77 78 74 79 80 81 82 83 84 85 86 88 89 90 87 91 92 93 94 95 96 97 98 99 100 101 102 103 104 105 106 107 108 213 109 214 110 216 111 112 113 114 115 116 117 118 119 120 121 122 123 124 125 217 126 219 127 128 129 220 130 131 132 133 134 135 136 137 138 140 141 142 143 144 145 146 148 149 150 147 151 152 153 154 155 156 157 158 159 160 161 162 226 163 227 164 229 165 166 167 168 230 231 169 170 171 172 173 175 174 176 177 178 179 181 180 182 139 183 184 185 186 187 188 189 190 191 192 193 194 195 196 197 239 198 199 200 201 202 203 204 205 206 207 208 209 210 211 212 215 218 221 222 223 224 225 228 232 235 240 236 233 234 237 238 241 243 242) ((("CPD0-934" 0 206) ("UDP-GLUCURONATE" 207 243)) (("CPD-15237" 0 218) ("UDP" 219 243))))
CREDITS - O0-13
CREDITS - amackie
DBLINKS - (METANETX-RXN "MNXR118638" NIL |kothari| 3789143037 NIL NIL)
EC-NUMBER - EC-2.4.1.17
ENZYMATIC-REACTION - ENZRXN0-7685
GIBBS-0 - 3.1530151    
LEFT - UDP-GLUCURONATE
LEFT - CPD0-934
ORPHAN? - :NO
PHYSIOLOGICALLY-RELEVANT? - T
REACTION-BALANCE-STATUS - :BALANCED
REACTION-DIRECTION - PHYSIOL-LEFT-TO-RIGHT
RIGHT - CPD-15237
RIGHT - UDP
RIGHT - PROTON
