UNIQUE-ID - RXN-8761
TYPES - Chemical-Reactions
TYPES - Small-Molecule-Reactions
ATOM-MAPPINGS - :INVALID
ATOM-MAPPINGS - ((:NO-HYDROGEN-ENCODING (92 0 1 2 3 4 12 3 4 99 5 6 9 129 7 10 11 110 8 9 129 3 7 10 11 111 129 7 11 12 122 126 13 14 15 16 17 18 19 15 16 17 19 138 14 17 136 15 16 17 18 19 136 17 19 20 21 139 140 147 148 22 139 147 148 23 24 25 91 97 100 102 103 105 110 114 120 121 133 1 5 6 9 93 112 94 97 110 117 119 95 97 110 91 101 102 106 109 110 113 115 120 130 131 1 8 12 96 105 110 120 134 95 97 98 103 105 107 109 110 111 115 91 98 100 108 91 101 102 106 108 109 115 120 131 9 91 99 109 116 118 130 131 91 95 98 100 104 109 112 91 98 103 106 109 111 91 95 97 99 100 102 104 109 117 120 1 5 9 91 95 102 104 106 112 130 0 92 95 102 105 112 114 117 120 9 95 107 108 110 112 98 108 91 103 104 109 91 97 100 101 103 107 109 110 112 114 116 117 118 124 126 128 130 133 0 8 12 13 91 111 130 91 102 110 112 115 117 120 123 125 126 129 130 131 134 0 95 98 110 112 117 120 129 96 100 101 103 106 109 110 111 115 116 124 128 130 131 134 0 8 13 102 107 113 115 134 103 114 119 121 126 130 133 134 108 110 115 117 130 134 110 111 115 120 130 131 134 5 101 106 111 116 8 111 118 130 131 111 119 128 10 116 121 110 122 124 128 110 115 118 120 125 128 129 130 131 12 110 115 120 123 129 96 111 116 122 124 127 129 13 110 117 125 126 129 106 110 111 123 124 127 129 131 12 13 95 122 125 128 110 123 126 129 97 100 102 103 105 108 110 112 117 119 124 125 126 129 130 133 134 1 5 6 9 103 108 110 111 112 115 116 119 121 126 133 134 5 6 9 130 132 103 107 112 114 133 134 135 136 137 138 135 136 138 140 143 144 147 150 151 152 139 143 144 151 152 146 151 152 153 154 23 24 145 151 153 154 23 142 154 141 153 154 140 144 150 153 154 22 139 143 147 149 153 22 23 145 146 148 153 154 146 147 150 153 141 143 144 150 154 141 143 144 145 149 150 152 24 145 146 152 154 139 145 146 151 142 144 147 153 154 140 141 142 148 154 155) ((("ADENOSYL-HOMO-CYS" 0 90) ("CPD-9041" 91 487)) (("S-ADENOSYLMETHIONINE" 0 67) ("CPD-9040" 68 487)))))
DBLINKS - (METANETX-RXN "MNXR96833" NIL |kothari| 3789143037 NIL NIL)
DBLINKS - (RHEA "26274" NIL |kothari| 3709310381 NIL NIL)
DBLINKS - (LIGAND-RXN "R05809" NIL |kothari| 3497799788 NIL NIL)
ENZYMATIC-REACTION - ENZRXN-21497
ENZYMATIC-REACTION - ENZRXN-14080
GIBBS-0 - -25.18702    
IN-PATHWAY - PWY-7377
IN-PATHWAY - RXN-14314
LEFT - S-ADENOSYLMETHIONINE
LEFT - CPD-9040
ORPHAN? - :NO
PHYSIOLOGICALLY-RELEVANT? - T
REACTION-BALANCE-STATUS - :BALANCED
REACTION-DIRECTION - PHYSIOL-LEFT-TO-RIGHT
RIGHT - CPD-9041
RIGHT - ADENOSYL-HOMO-CYS
