UNIQUE-ID - RXN-11798
TYPES - Chemical-Reactions
TYPES - Small-Molecule-Reactions
ATOM-MAPPINGS - (:NO-HYDROGEN-ENCODING (177 8 181 180 179 178 176 9 11 2 5 10 220 199 201 203 205 207 209 211 213 215 217 188 221 189 222 190 223 191 224 192 225 193 226 194 227 195 228 196 229 197 230 44 46 48 49 219 198 200 202 204 206 208 210 212 214 216 218 63 65 67 68 71 73 75 76 78 80 82 84 87 86 90 92 95 96 99 101 103 105 108 110 107 113 115 117 119 120 123 125 127 128 130 132 134 136 139 138 142 144 145 234 235 233 231 236 153 155 156 158 161 164 165 168 170 232 237 239 238 1 7 6 187 186 184 4 185 3 182 183 0 52 23 25 27 29 31 33 35 37 39 41 12 53 13 54 14 55 15 56 16 57 17 58 18 59 19 60 20 61 21 62 45 47 51 50 43 22 24 26 28 30 32 34 36 38 40 42 64 66 70 69 72 74 94 77 79 81 83 85 88 89 91 93 98 97 100 102 104 106 109 111 112 114 116 118 122 121 124 126 163 129 131 133 135 137 140 141 143 146 147 148 149 150 151 152 154 159 157 160 162 167 166 169 171 172 173 174 175) (((CPD-12780 0 175) (CPD-9649 176 239)) (((CPD-12772 1) 0 119) ((CPD-12772 2) 120 239))))
CREDITS - SRI
CREDITS - caspi
DBLINKS - (METANETX-RXN "MNXR117160" NIL |kothari| 3789143028 NIL NIL)
GIBBS-0 - 6.2736206    
LEFT - CPD-12772
^COEFFICIENT - 2
PHYSIOLOGICALLY-RELEVANT? - T
REACTION-BALANCE-STATUS - :BALANCED
RIGHT - PROTON
RIGHT - CPD-12780
RIGHT - CPD-9649
