UNIQUE-ID - RXN-20916
TYPES - Chemical-Reactions
TYPES - Small-Molecule-Reactions
ATOM-MAPPINGS - (:NO-HYDROGEN-ENCODING (257 0 2 1 3 4 5 258 6 8 7 9 10 11 259 12 14 13 15 16 17 260 18 20 19 21 22 23 261 24 26 25 27 28 29 262 30 32 31 33 34 35 263 36 264 265 37 266 39 38 40 41 42 43 267 45 44 46 47 48 49 268 51 50 52 53 54 269 55 57 56 58 59 60 270 61 63 62 64 65 66 271 67 69 68 70 71 72 73 74 75 76 77 78 79 80 81 82 83 84 85 87 86 88 89 90 91 92 93 94 95 96 97 98 99 100 101 102 103 104 105 276 106 107 108 109 110 111 112 113 114 115 116 117 118 119 120 121 122 123 124 125 126 127 128 129 130 131 132 133 134 135 136 137 138 139 140 141 142 143 144 145 146 147 148 149 150 151 152 153 154 155 156 157 158 159 160 161 162 163 164 165 166 167 168 169 170 172 173 174 175 176 177 178 179 180 181 278 182 183 184 185 186 187 188 189 190 191 192 193 194 195 196 197 198 199 200 201 202 203 204 205 206 207 208 209 210 211 212 213 215 214 218 217 216 219 221 220 222 223 224 225 226 171 227 228 229 230 231 232 233 234 235 236 237 238 239 240 241 242 243 244 245 246 247 248 249 250 251 252 253 254 255 256 272 273 274 275 282 277 281 280 279 283 284 285 286) ((("CPD-21359" 0 256) ("1-Palmitoyl-2-Acyl-Glycerol-P" 257 286)) (("a-hepta-acylated-core-oligosaccharide-li" 0 273) ("2-Acyl-sn-glycerol-3-phosphates" 274 286))))
CREDITS - O0-13
CREDITS - amackie
EC-NUMBER - EC-2.3.1.251
ENZYMATIC-REACTION - ENZRXN0-8610
LEFT - 1-Palmitoyl-2-Acyl-Glycerol-P
LEFT - CPD-21359
ORPHAN? - :NO
PHYSIOLOGICALLY-RELEVANT? - T
REACTION-BALANCE-STATUS - :BALANCED
REACTION-DIRECTION - PHYSIOL-LEFT-TO-RIGHT
RIGHT - a-hepta-acylated-core-oligosaccharide-li
RIGHT - 2-Acyl-sn-glycerol-3-phosphates
RXN-LOCATIONS - CCO-PERI-BAC
