UNIQUE-ID - RXN-14257
TYPES - Chemical-Reactions
TYPES - Small-Molecule-Reactions
ATOM-MAPPINGS - (:NO-HYDROGEN-ENCODING (0 1 2 3 4 5 6 7 8 9 10 11 12 13 14 15 16 102 104 103 20 21 17 18 22 23 101 24 105 26 25 27 28 29 30 31 32 33 34 35 36 37 38 39 40 41 42 43 44 45 46 47 48 49 50 51 52 53 54 55 57 58 59 60 61 56 62 63 64 65 66 67 68 69 70 71 72 74 75 76 77 78 80 81 82 83 84 85 86 87 88 89 97 79 90 91 92 93 94 95 96 73 98 99 100 19) ((("ADP" 0 26) ("CPD-689" 27 90) ("GLT" 91 100) ("Pi" 101 105)) (("ATP" 0 30) ("CPD-15182" 31 94) ("GLN" 95 104) ("WATER" 105 105))))
ATOM-MAPPINGS - (:NO-HYDROGEN-ENCODING (0 1 2 3 4 5 6 7 8 9 10 11 12 13 14 15 16 102 104 103 20 21 17 18 22 23 101 24 105 26 25 27 28 29 30 31 32 33 34 35 36 37 38 39 40 41 42 43 44 45 46 47 48 49 50 51 52 53 54 55 57 58 59 60 61 56 62 63 64 65 66 67 68 69 70 71 72 74 75 76 77 78 80 81 82 83 84 85 86 87 88 89 19 79 90 91 92 93 94 95 96 73 98 99 100 97) ((("ADP" 0 26) ("CPD-689" 27 90) ("GLT" 91 100) ("Pi" 101 105)) (("ATP" 0 30) ("CPD-15182" 31 94) ("GLN" 95 104) ("WATER" 105 105))))
ATOM-MAPPINGS - (:NO-HYDROGEN-ENCODING (0 1 2 3 4 5 6 7 8 9 10 11 12 13 14 15 16 102 101 103 20 21 17 18 22 23 19 24 105 26 25 27 28 29 30 31 32 33 34 35 36 37 38 39 40 41 42 43 44 45 46 47 48 49 50 51 52 53 54 55 57 58 59 60 61 56 62 63 64 65 66 67 68 69 70 71 72 74 75 76 77 78 80 81 82 83 84 85 86 87 88 89 97 79 90 91 92 93 94 95 96 73 98 99 100 104) ((("ADP" 0 26) ("CPD-689" 27 90) ("GLT" 91 100) ("Pi" 101 105)) (("ATP" 0 30) ("CPD-15182" 31 94) ("GLN" 95 104) ("WATER" 105 105))))
ATOM-MAPPINGS - (:NO-HYDROGEN-ENCODING (0 1 2 3 4 5 6 7 8 9 10 11 12 13 14 15 16 102 101 103 20 21 17 18 22 23 19 24 105 26 25 27 28 29 30 31 32 33 34 35 36 37 38 39 40 41 42 43 44 45 46 47 48 49 50 51 52 53 54 55 57 58 59 60 61 56 62 63 64 65 66 67 68 69 70 71 72 74 75 76 77 78 80 81 82 83 84 85 86 87 88 89 104 79 90 91 92 93 94 95 96 73 98 99 100 97) ((("ADP" 0 26) ("CPD-689" 27 90) ("GLT" 91 100) ("Pi" 101 105)) (("ATP" 0 30) ("CPD-15182" 31 94) ("GLN" 95 104) ("WATER" 105 105))))
CREDITS - SRI
CREDITS - caspi
DBLINKS - (METANETX-RXN "MNXR118587" NIL |kothari| 3789143035 NIL NIL)
DBLINKS - (LIGAND-RXN "R09599" NIL |kr| 3650824949 NIL NIL)
DBLINKS - (RHEA "34554" NIL |kothari| 3571757975 NIL NIL)
GIBBS-0 - 10.157532    
IN-PATHWAY - RXN-8769
LEFT - CPD-15182
LEFT - GLN
LEFT - ATP
LEFT - WATER
ORPHAN? - :NO
PHYSIOLOGICALLY-RELEVANT? - T
REACTION-BALANCE-STATUS - :BALANCED
RIGHT - CPD-689
RIGHT - GLT
RIGHT - ADP
RIGHT - Pi
RIGHT - PROTON
