UNIQUE-ID - RXN-11301
TYPES - Chemical-Reactions
TYPES - Small-Molecule-Reactions
ATOM-MAPPINGS - (:NO-HYDROGEN-ENCODING (197 198 199 200 201 202 203 204 205 206 207 11 13 15 17 19 21 208 209 210 211 212 213 214 215 216 32 217 218 219 220 221 222 223 224 225 226 227 228 229 230 231 232 233 234 52 54 56 58 235 236 62 64 237 238 239 240 241 242 243 244 245 246 76 78 80 82 84 86 88 90 92 94 96 98 100 102 104 105 108 110 112 114 116 118 120 122 124 126 128 130 132 134 136 138 140 142 144 146 148 150 152 154 156 157 159 161 163 165 167 168 171 172 175 176 250 251 248 247 252 184 186 188 191 249 253 255 254 0 1 2 3 4 5 6 7 8 9 10 12 14 16 18 20 22 23 24 25 26 27 28 29 30 31 33 34 35 36 37 38 39 40 41 42 43 44 45 46 47 48 49 50 51 53 55 57 59 60 61 63 65 66 67 68 69 70 71 72 73 74 75 77 79 81 83 85 87 89 91 93 95 97 99 101 103 107 106 109 111 113 115 117 119 121 123 125 127 129 131 133 135 137 139 141 143 145 147 149 151 153 155 190 158 160 162 164 166 169 170 173 174 177 178 179 180 181 182 183 185 187 189 192 193 194 195 196) (((CPD-12260 0 196) (CPD-11984 197 255)) (((CPD-11998 1) 0 127) ((CPD-11998 2) 128 255))))
CREDITS - SRI
CREDITS - caspi
DBLINKS - (METANETX-RXN "MNXR116840" NIL |kothari| 3789143037 NIL NIL)
EC-NUMBER - EC-2.4.1
ENZYMATIC-REACTION - ENZRXN-17574
GIBBS-0 - 4.401245    
IN-PATHWAY - PWY-6385
LEFT - CPD-11998
^COEFFICIENT - 2
ORPHAN? - :NO
PHYSIOLOGICALLY-RELEVANT? - T
REACTION-BALANCE-STATUS - :BALANCED
REACTION-DIRECTION - LEFT-TO-RIGHT
RIGHT - PROTON
RIGHT - CPD-12260
RIGHT - CPD-11984
