UNIQUE-ID - RXN-20006
TYPES - Chemical-Reactions
TYPES - Small-Molecule-Reactions
ATOM-MAPPINGS - :INVALID
ATOM-MAPPINGS - ((:NO-HYDROGEN-ENCODING (4 68 70 71 73 102 68 69 71 73 75 80 96 100 102 68 70 72 73 75 80 96 100 102 68 71 72 73 102 68 69 72 73 80 100 69 70 71 72 75 80 94 96 100 74 75 97 67 73 74 75 2 13 76 77 78 13 76 77 78 76 77 78 6 79 80 81 83 89 100 67 71 80 81 87 89 102 67 71 79 80 82 88 91 98 102 80 81 82 83 108 80 81 83 87 89 91 102 81 82 83 89 91 102 84 85 86 84 86 84 85 86 81 88 89 94 103 81 88 89 91 92 102 82 83 87 88 91 94 102 90 91 96 100 13 90 91 96 100 4 5 95 89 93 94 103 73 75 87 92 93 94 100 103 75 80 92 93 94 100 104 105 91 95 98 102 11 91 95 96 98 102 7 8 68 100 9 96 97 100 67 91 97 98 100 7 9 85 96 98 102 91 95 98 99 67 68 69 75 96 100 11 91 98 99 100 67 96 100 101 0 1 68 69 71 91 92 96 98 100 102 12 13 75 96 101 92 93 104 105 92 94 103 105 94 103 104 105 87 106 107 108 92 94 106 107 106 107 108 109 110 111 109 111 109 110 111 112 113 112 113 118 17 17 115 116 119 115 116 122 136 114 115 119 124 136 117 118 119 126 117 119 121 126 132 134 113 117 118 119 125 127 128 120 123 136 23 118 120 121 123 136 19 116 125 116 121 122 125 116 122 123 125 133 21 121 123 136 123 124 136 113 121 125 23 123 125 136 112 118 127 128 114 119 126 128 119 126 127 129 130 131 119 123 129 130 25 26 129 130 131 31 117 119 132 133 134 114 132 133 134 24 132 133 134 121 125 135 136 32 121 125 135 136 31 113 121 0 75 96 1 91 3 5 90 6 103 8 10 1 12 6 14 15 16 18 131 20 22 18 24 112 27 126 28 32 33 125 25 27 26 33 121 29 30 135 26 29 32 33 129 34 35 34 35) ((("CPD-12575" 0 66) ("CPD-21578" 67 424)) (("CPD-21581" 0 376) ("UDP" 377 424)))))
CREDITS - SRI
CREDITS - caspi
EC-NUMBER - EC-2.4.1.369
^OFFICIAL? - T
ENZYMATIC-REACTION - ENZRXN-26714
GIBBS-0 - -9.382385    
IN-PATHWAY - PWY-8023
LEFT - CPD-12575
LEFT - CPD-21578
ORPHAN? - :NO
PHYSIOLOGICALLY-RELEVANT? - T
REACTION-BALANCE-STATUS - :BALANCED
REACTION-DIRECTION - PHYSIOL-LEFT-TO-RIGHT
RIGHT - CPD-21581
RIGHT - UDP
RIGHT - PROTON
