UNIQUE-ID - RXN-14706
TYPES - Chemical-Reactions
TYPES - Small-Molecule-Reactions
ATOM-MAPPINGS - (:NO-HYDROGEN-ENCODING (0 1 2 3 4 5 6 7 8 9 10 11 12 13 14 15 16 212 211 213 20 21 17 19 22 23 18 24 250 26 25 27 28 29 30 31 32 33 34 35 36 37 38 39 40 41 42 43 44 45 46 47 48 49 50 51 52 53 54 55 56 57 58 59 60 61 62 63 64 65 66 67 68 69 70 71 85 72 73 74 75 76 77 78 79 80 81 82 83 84 86 87 88 89 90 91 92 93 94 95 96 97 111 98 99 100 101 102 103 104 105 106 107 108 109 110 112 126 113 114 115 116 117 118 119 120 121 122 123 124 125 148 127 128 129 130 131 139 132 133 134 135 136 137 138 140 141 142 143 144 145 146 147 149 150 151 152 153 154 162 155 156 157 158 159 160 161 163 164 165 166 167 168 182 169 170 171 172 173 174 175 176 177 178 179 180 181 183 197 184 185 186 187 188 189 190 191 192 193 194 195 196 245 198 199 200 201 202 210 203 204 205 206 207 208 209 214 215 216 217 218 219 227 220 221 222 223 224 225 226 228 229 230 231 232 233 234 235 236 237 238 239 240 241 242 243 244 246 247 248 249 251 252 253) ((("ADP" 0 26) ("CPD-15545" 27 253)) (("ATP" 0 30) ("CPD-15547" 31 253))))
CREDITS - SRI
CREDITS - caspi
DBLINKS - (LIGAND-RXN "R10657" NIL |kothari| 3789150533 NIL NIL)
DBLINKS - (METANETX-RXN "MNXR113978" NIL |kothari| 3789143037 NIL NIL)
DBLINKS - (RHEA "40372" NIL |kothari| 3709310382 NIL NIL)
EC-NUMBER - EC-2.7.1.181
^OFFICIAL? - T
ENZYMATIC-REACTION - ENZRXN-25751
GIBBS-0 - -7.04126    
IN-PATHWAY - PWY-7905
LEFT - ATP
LEFT - CPD-15547
ORPHAN? - :NO
PHYSIOLOGICALLY-RELEVANT? - T
REACTION-BALANCE-STATUS - :BALANCED
REACTION-DIRECTION - PHYSIOL-LEFT-TO-RIGHT
RIGHT - ADP
RIGHT - CPD-15545
RIGHT - PROTON
