UNIQUE-ID - RXN-11302
TYPES - Chemical-Reactions
TYPES - Small-Molecule-Reactions
COMMON-NAME - peptidoglycan transpeptidase (Gram-negative bacteria)
ATOM-MAPPINGS - (:NO-HYDROGEN-ENCODING (202 203 0 1 204 2 205 3 206 4 207 5 208 6 209 7 210 8 211 9 212 10 213 11 214 13 215 217 14 216 15 12 218 17 219 221 18 220 19 20 223 21 225 222 22 224 23 226 24 227 25 228 26 229 27 230 28 231 29 232 30 233 31 234 32 235 33 236 35 34 237 238 36 239 37 240 38 241 39 242 40 243 41 244 42 245 43 246 44 247 45 248 46 249 47 250 48 251 49 252 50 253 51 254 52 255 53 256 54 257 55 258 57 56 260 59 58 261 259 262 61 60 263 264 63 62 265 266 64 267 65 66 268 269 67 271 68 270 69 272 70 273 71 274 72 275 73 276 74 277 75 278 76 279 77 280 78 281 79 282 80 283 82 284 286 83 285 84 81 287 86 288 290 87 289 88 89 292 90 294 291 91 293 92 295 94 93 297 96 95 298 296 299 98 97 300 99 301 302 100 304 101 303 102 305 104 103 306 105 308 106 310 307 107 309 108 109 311 110 313 111 314 112 316 113 315 114 312 318 115 317 116 319 118 320 322 119 321 120 117 324 121 323 122 325 124 123 326 327 126 328 329 128 127 330 331 130 129 332 336 131 334 132 333 133 335 134 337 136 135 340 137 339 138 341 140 342 139 343 142 344 143 346 144 348 345 145 347 146 349 148 147 350 338 352 351 149 150 151 353 354 152 356 153 355 154 155 358 156 360 357 157 359 158 361 160 159 362 161 363 162 365 163 366 165 367 369 166 368 167 164 371 168 370 169 372 171 170 373 374 375 174 175 376 377 378 379 178 179 176 177 380 381 382 383 182 183 180 181 384 385 400 386 387 184 185 388 389 186 187 390 188 392 189 391 190 396 191 393 394 192 193 395 194 195 397 399 196 197 398 364 198 401 199 402 200 403 201 16 85 125 141 172 173) ((((CPD-12231 1) 0 201) ((CPD-12231 2) 202 403)) ((CPD-12261 0 397) (D-ALANINE 398 403))))
CANNOT-BALANCE? - NIL
CITATIONS - 11555614
CREDITS - SRI
CREDITS - caspi
DBLINKS - (METANETX-RXN "MNXR116841" NIL |kothari| 3789143035 NIL NIL)
EC-NUMBER - EC-3.4.16.4
^OFFICIAL? - NIL
GIBBS-0 - -22.467407    
LEFT - CPD-12231
^COEFFICIENT - 2
ORPHAN? - :NO
PHYSIOLOGICALLY-RELEVANT? - T
REACTION-BALANCE-STATUS - :BALANCED
REACTION-DIRECTION - PHYSIOL-LEFT-TO-RIGHT
RIGHT - CPD-12261
RIGHT - D-ALANINE
RXN-LOCATIONS - CCO-PERI-BAC
