UNIQUE-ID - RXN-11921
TYPES - Chemical-Reactions
TYPES - Small-Molecule-Reactions
COMMON-NAME - 3-methylcrotonyl-CoA:acetyl-CoA C-acyltransferase
ATOM-MAPPINGS - :INVALID
ATOM-MAPPINGS - ((:NO-HYDROGEN-ENCODING (154 156 156 157 158 179 0 3 6 156 157 159 164 174 4 160 179 5 6 156 157 161 164 6 163 5 7 158 162 164 8 9 165 10 166 168 12 164 169 174 5 11 13 14 171 172 15 173 16 156 157 164 174 11 17 18 175 19 176 170 177 179 20 178 21 179 22 180 23 181 24 182 24 25 26 183 27 184 28 185 29 186 187 30 31 189 32 190 200 30 33 188 191 34 192 202 37 40 43 46 193 35 40 41 43 46 194 36 46 196 35 195 38 193 196 198 39 191 192 197 40 46 199 42 192 195 200 30 43 46 201 44 202 45 203 38 204 47 49 205 204 206 48 207 50 154 156 157 0 1 2 155 156 157 0 1 2 154 155 157 2 154 155 157 1 22 158 3 13 159 4 154 159 160 5 161 6 154 158 159 162 164 169 174 3 8 17 158 159 164 169 174 0 3 17 163 7 155 164 0 8 22 9 165 10 166 167 170 179 11 22 157 158 159 169 170 177 179 4 13 20 168 12 169 11 13 158 169 170 177 11 13 14 171 172 15 173 16 154 162 170 17 20 22 18 175 19 176 167 170 17 20 178 21 167 179 2 8 17 22 180 23 180 181 182 24 182 25 26 183 27 184 28 185 29 186 187 188 191 203 31 34 187 30 31 187 188 191 30 31 189 32 188 190 33 34 188 194 33 34 38 192 194 37 193 196 203 35 192 194 195 36 188 197 203 38 198 39 198 200 36 40 198 41 199 42 200 43 201 44 202 45 197 200 203 46 204 205 47 206 48 206 49 207 50) ((("ACETYL-COA" 0 153) ("3-METHYL-CROTONYL-COA" 154 344)) (("CO-A" 0 144) ("CPD-12906" 145 344)))))
CITATIONS - 20490788
CREDITS - SRI
CREDITS - fulcher
DBLINKS - (METANETX-RXN "MNXR111674" NIL |kothari| 3789143036 NIL NIL)
DBLINKS - (LIGAND-RXN "R08095" NIL |fulcher| 3500851268 NIL NIL)
EC-NUMBER - EC-2.3.1
GIBBS-0 - -7.0599976    
IN-PATHWAY - PWY-6672
LEFT - CPD-12906
LEFT - CO-A
PHYSIOLOGICALLY-RELEVANT? - T
REACTION-BALANCE-STATUS - :BALANCED
REACTION-DIRECTION - LEFT-TO-RIGHT
RIGHT - 3-METHYL-CROTONYL-COA
RIGHT - ACETYL-COA
SYNONYMS - 5-methyl-3-oxo-4-hexenoyl-CoA thiolase
