UNIQUE-ID - RXN-11348
TYPES - Chemical-Reactions
TYPES - Small-Molecule-Reactions
ATOM-MAPPINGS - :CURATED
ATOM-MAPPINGS - (:NO-HYDROGEN-ENCODING (0 1 2 3 4 5 6 7 8 9 10 11 13 15 17 19 21 23 25 26 27 28 29 30 31 32 33 34 35 36 37 38 39 40 41 42 43 44 45 46 47 48 49 50 51 52 53 54 55 57 59 61 62 64 65 67 69 71 72 73 74 75 76 77 78 79 80 81 82 84 86 88 90 92 94 96 98 100 102 104 106 108 110 114 113 116 118 120 122 124 126 128 130 132 134 136 138 140 142 144 146 148 150 152 154 156 158 160 162 164 166 195 169 171 173 175 177 179 182 183 184 185 186 187 188 190 192 194 197 198 199 200 201 202 203 204 205 206 207 208 209 210 211 212 213 12 14 16 18 20 22 24 214 215 216 217 218 219 220 221 222 223 224 225 226 227 228 229 230 231 232 233 234 235 236 237 238 239 240 241 242 243 56 58 60 244 63 245 66 68 70 246 247 248 249 250 251 252 253 254 255 256 83 85 87 89 91 93 95 97 99 101 103 105 107 109 111 112 115 117 119 121 123 125 127 129 131 133 135 137 139 141 143 145 147 149 151 153 155 157 159 161 163 165 167 168 170 172 174 176 178 180 181 261 260 259 258 262 189 191 193 196 257 263 265 264) ((("CPD-12308" 0 201) ("UNDECAPRENYL-DIPHOSPHATE" 202 265)) ((("CPD-12307" 1) 0 132) (("CPD-12307" 2) 133 265))))
CREDITS - SRI
CREDITS - caspi
DBLINKS - (METANETX-RXN "MNXR143805" NIL |kothari| 3789143027 NIL NIL)
EC-NUMBER - EC-2.4.1.129
^OFFICIAL? - NIL
GIBBS-0 - 6.897461    
IN-PATHWAY - PWY-6470
LEFT - CPD-12307
^COEFFICIENT - 2
ORPHAN? - :NO
PHYSIOLOGICALLY-RELEVANT? - T
REACTION-BALANCE-STATUS - :BALANCED
REACTION-DIRECTION - LEFT-TO-RIGHT
RIGHT - PROTON
RIGHT - CPD-12308
RIGHT - UNDECAPRENYL-DIPHOSPHATE
