UNIQUE-ID - RXN-21535
TYPES - Chemical-Reactions
TYPES - Small-Molecule-Reactions
ATOM-MAPPINGS - :INVALID
ATOM-MAPPINGS - ((:NO-HYDROGEN-ENCODING (12 13 367 14 16 19 18 30 31 58 52 54 55 56 57 53 54 30 53 56 57 59 30 52 58 59 62 59 64 77 78 79 81 84 82 83 85 87 88 90 86 87 89 89 90 93 94 91 93 95 96 110 114 99 100 97 99 105 106 101 107 108 103 105 107 109 110 111 115 116 113 115 117 96 111 118 119 119 122 120 123 133 370 124 125 126 130 133 127 128 130 131 132 132 133 135 148 137 148 139 142 140 141 163 371 143 144 371 145 147 170 149 150 151 158 161 156 159 154 156 160 153 157 161 144 162 163 162 164 170 172 172 175 173 176 184 183 0 1 2 3 4 5 6 7 8 9 10 11 367 12 13 13 15 17 19 16 17 18 19 20 21 22 23 24 25 26 27 28 29 30 54 55 56 57 32 33 34 35 36 37 38 39 40 41 42 43 44 45 46 47 48 49 50 51 31 52 58 367 53 56 59 77 54 55 56 57 59 85 86 31 58 59 85 87 90 60 61 63 64 65 59 65 66 67 68 69 70 71 72 73 74 75 76 86 368 77 78 78 80 86 82 83 84 83 84 96 85 88 368 80 86 89 77 87 88 89 90 92 94 91 95 96 110 115 98 100 97 102 104 106 101 108 103 113 369 95 110 112 116 112 113 117 109 110 116 111 114 116 369 84 114 117 118 121 122 120 123 134 370 125 130 370 125 134 124 127 128 126 129 131 130 131 132 131 132 133 134 136 137 138 136 138 140 162 176 142 144 143 144 160 146 148 371 142 143 151 152 158 159 153 157 158 159 372 149 150 158 159 149 154 155 156 163 155 159 372 140 160 162 142 154 159 161 165 166 167 168 169 147 171 174 175 173 177 160 176 178 179 180 181 182) ((("CPD-23432" 0 366) ("D-ALANINE" 367 381)) (("A-PEPTIDOGLYCAN-MDAP-TRIPEPTIDE" 0 136) ("CPD-17926" 137 381)))))
CREDITS - O0-13
CREDITS - amackie
LEFT - CPD-17926
LEFT - A-PEPTIDOGLYCAN-MDAP-TRIPEPTIDE
PHYSIOLOGICALLY-RELEVANT? - T
REACTION-BALANCE-STATUS - :BALANCED
REACTION-DIRECTION - PHYSIOL-LEFT-TO-RIGHT
RIGHT - CPD-23432
RIGHT - D-ALANINE
RXN-LOCATIONS - CCO-EXTRACELLULAR
