UNIQUE-ID - RXN-11349
TYPES - Chemical-Reactions
TYPES - Small-Molecule-Reactions
ATOM-MAPPINGS - :INVALID
ATOM-MAPPINGS - ((:NO-HYDROGEN-ENCODING (604 605 0 1 606 2 607 3 608 4 609 5 610 6 611 7 612 8 613 623 9 614 10 615 11 616 13 21 616 12 13 14 58 616 617 21 617 12 13 618 619 625 15 619 15 618 14 620 16 619 620 16 17 620 621 16 17 621 17 617 622 18 622 18 20 623 19 623 19 21 616 622 624 15 20 619 624 18 19 20 624 625 18 21 622 623 625 18 20 21 67 626 627 23 627 23 24 56 626 665 22 23 626 629 661 664 22 23 25 57 629 25 61 628 629 22 25 628 661 663 24 25 627 661 23 24 25 630 26 631 27 632 28 633 29 634 30 635 31 636 32 637 33 638 34 639 35 640 36 641 37 642 38 643 39 644 40 645 41 646 42 647 43 648 44 649 45 650 46 651 47 652 48 653 49 654 50 655 51 656 52 657 53 658 54 659 55 660 661 57 661 665 22 57 660 663 664 56 627 629 660 662 23 56 64 662 58 663 58 59 663 59 662 58 59 627 664 665 60 61 665 61 664 23 60 664 60 666 62 667 668 64 667 668 64 627 63 64 626 627 667 63 669 65 670 671 63 67 670 671 66 67 671 66 67 670 57 672 68 672 68 69 662 671 672 673 69 70 71 673 674 68 69 672 674 70 674 675 70 71 674 675 68 71 672 675 68 70 71 676 72 677 73 678 74 679 75 680 76 681 77 682 78 683 79 684 80 685 81 686 82 687 83 84 687 83 84 96 687 688 83 688 84 689 690 86 690 86 689 85 691 83 87 691 87 88 691 692 87 88 95 692 700 88 693 725 89 693 696 726 734 89 121 694 726 90 91 106 694 90 92 693 695 725 91 695 727 91 104 123 695 696 727 89 92 693 694 696 89 91 92 106 697 698 94 697 698 93 94 698 93 94 697 87 93 96 98 687 699 700 95 96 687 699 700 95 96 700 96 699 95 96 701 702 94 98 702 83 98 687 701 97 690 699 97 99 706 102 703 99 100 703 100 704 703 99 100 705 704 705 101 102 703 706 705 101 102 99 706 705 102 99 706 101 102 703 707 708 104 708 104 707 103 732 103 696 709 710 727 728 106 123 709 710 725 105 106 124 710 105 106 694 696 709 107 711 107 108 110 711 107 108 109 712 714 108 713 712 713 109 110 711 713 109 110 711 107 714 713 110 107 714 108 109 110 111 720 715 111 114 715 112 722 113 716 112 113 118 716 112 113 717 716 112 113 717 716 114 718 116 111 114 719 718 719 115 116 715 719 115 116 720 719 116 715 720 114 115 116 715 721 117 118 716 722 721 117 118 112 722 721 118 716 112 722 117 118 723 724 120 128 723 724 119 120 724 729 119 120 725 726 121 122 125 725 726 730 121 726 729 122 725 121 122 695 727 728 123 124 727 90 105 123 124 727 728 123 124 728 124 696 725 729 125 126 710 729 125 126 729 730 91 125 726 730 121 126 693 696 723 106 119 731 732 120 128 732 122 128 731 106 127 693 696 725 106 127 733 734 130 734 130 733 129 131 738 134 735 131 132 735 132 736 735 131 132 737 736 131 737 133 134 735 737 133 134 735 131 738 737 134 735 131 738 132 133 134 739 740 136 739 740 750 135 136 740 135 136 739 742 135 143 152 741 742 138 741 742 137 138 742 137 138 743 744 139 743 744 139 744 140 743 139 140 745 746 142 741 745 746 142 746 141 142 745 141 743 747 143 144 148 747 138 143 144 747 748 143 744 748 139 144 741 749 750 138 146 750 146 749 138 145 751 147 751 147 148 150 752 148 149 150 752 753 754 148 753 149 751 753 149 741 753 754 147 150 741 751 754 147 149 150 755 756 152 756 140 152 755 143 151 750 150 151 753 757 758 153 154 757 758 153 154 758 154 757 141 148 153 154 741 743 751 754 142 759 155 169 759 155 156 759 760 772 156 158 760 761 156 761 157 761 762 157 158 761 762 158 759 762 155 158 763 776 786 159 763 766 777 791 159 172 764 160 171 764 160 162 197 765 161 172 765 780 161 765 766 778 159 162 763 764 766 159 161 162 166 767 768 786 164 184 768 164 767 163 778 783 163 769 770 162 166 769 770 776 790 165 166 175 770 165 166 764 766 769 181 771 167 759 771 167 772 168 169 759 772 773 168 772 773 168 169 772 773 157 168 169 774 775 171 179 774 775 170 171 775 165 170 171 776 777 791 172 173 176 776 777 781 172 777 780 173 776 172 173 765 778 779 174 175 778 165 174 175 778 779 174 175 779 175 766 780 176 177 185 766 770 780 176 177 780 781 161 781 176 177 763 766 774 166 170 782 783 179 769 777 783 179 782 166 178 763 766 768 776 791 178 784 786 182 785 787 183 786 182 787 183 784 180 785 181 788 790 165 184 789 791 803 170 199 184 186 185 187 197 199 788 790 186 199 764 789 791 803 180 790 184 186 789 185 187 199 792 188 793 189 793 794 189 190 793 794 168 189 190 764 794 168 174 189 190 191 798 194 795 191 192 193 795 191 798 192 193 796 191 798 192 797 796 798 797 193 194 797 193 194 795 191 798 797 194 795 191 798 192 194 795 799 802 195 799 195 198 769 800 196 800 196 197 771 800 801 197 801 196 197 799 802 198 199 802 195 198 789 791 803 184 185 188 198 199 185 187 199 804 805 200 200 201 804 805 200 201 805 200 201 671 14 698 85 724 129 739 740 742 136 137 138 145 775 785 787 181 775 165 180) (((("CPD-12308" 1) 0 603) (("CPD-12308" 2) 604 1196)) (("CPD-12309" 0 1176) ("D-ALANINE" 1177 1196)))))
CREDITS - SRI
CREDITS - caspi
DBLINKS - (METANETX-RXN "MNXR143806" NIL |kothari| 3789143036 NIL NIL)
EC-NUMBER - EC-3.4.16
ENZYMATIC-REACTION - ENZRXN-17662
GIBBS-0 - 15.540527    
IN-PATHWAY - PWY-6470
LEFT - CPD-12308
^COEFFICIENT - 2
LEFT - PROTON
ORPHAN? - :NO
PHYSIOLOGICALLY-RELEVANT? - T
REACTION-BALANCE-STATUS - :BALANCED
REACTION-DIRECTION - PHYSIOL-LEFT-TO-RIGHT
RIGHT - CPD-12309
RIGHT - D-ALANINE
