UNIQUE-ID - RXN-18733
TYPES - Chemical-Reactions
TYPES - Small-Molecule-Reactions
ATOM-MAPPINGS - (:NO-HYDROGEN-ENCODING (0 1 2 3 4 5 6 7 8 9 10 11 12 13 14 15 16 77 78 79 17 18 87 89 20 21 88 86 85 22 90 23 24 25 26 27 28 29 30 31 32 33 34 35 36 38 37 40 39 41 42 43 44 45 46 47 48 49 50 51 52 53 54 55 60 56 57 58 59 61 62 63 64 65 66 67 68 69 70 84 71 72 73 74 75 76 80 81 82 83 19) ((("AMP" 0 22) ("CPD-20026" 23 85) ("Pi" 86 90)) (("ATP" 0 30) ("CPD-18727" 31 89) ("WATER" 90 90))))
ATOM-MAPPINGS - (:NO-HYDROGEN-ENCODING (0 1 2 3 4 5 6 7 8 9 10 11 12 13 14 15 16 77 78 79 17 18 87 89 20 21 88 19 85 22 90 23 24 25 26 27 28 29 30 31 32 33 34 35 36 38 37 40 39 41 42 43 44 45 46 47 48 49 50 51 52 53 54 55 60 56 57 58 59 61 62 63 64 65 66 67 68 69 70 84 71 72 73 74 75 76 80 81 82 83 86) ((("AMP" 0 22) ("CPD-20026" 23 85) ("Pi" 86 90)) (("ATP" 0 30) ("CPD-18727" 31 89) ("WATER" 90 90))))
ATOM-MAPPINGS - (:NO-HYDROGEN-ENCODING (0 1 2 3 4 5 6 7 8 9 10 11 12 13 14 15 16 87 88 86 17 18 77 79 20 21 89 19 90 22 85 23 24 25 26 27 28 29 30 31 32 33 34 35 36 38 37 40 39 41 42 43 44 45 46 47 48 49 50 51 52 53 54 55 60 56 57 58 59 61 62 63 64 65 66 67 68 69 70 84 71 72 73 74 75 76 80 81 82 83 78) ((("AMP" 0 22) ("CPD-20026" 23 85) ("Pi" 86 90)) (("ATP" 0 30) ("CPD-18727" 31 89) ("WATER" 90 90))))
ATOM-MAPPINGS - (:NO-HYDROGEN-ENCODING (0 1 2 3 4 5 6 7 8 9 10 11 12 13 14 15 16 87 88 86 17 18 77 78 20 21 79 19 90 22 85 23 24 25 26 27 28 29 30 31 32 33 34 35 36 38 37 40 39 41 42 43 44 45 46 47 48 49 50 51 52 53 54 55 60 56 57 58 59 61 62 63 64 65 66 67 68 69 70 84 71 72 73 74 75 76 80 81 82 83 89) ((("AMP" 0 22) ("CPD-20026" 23 85) ("Pi" 86 90)) (("ATP" 0 30) ("CPD-18727" 31 89) ("WATER" 90 90))))
ATOM-MAPPINGS - (:NO-HYDROGEN-ENCODING (0 1 2 3 4 5 6 7 8 9 10 11 12 13 14 15 16 87 88 86 17 18 77 79 20 21 89 78 90 22 85 23 24 25 26 27 28 29 30 31 32 33 34 35 36 38 37 40 39 41 42 43 44 45 46 47 48 49 50 51 52 53 54 55 60 56 57 58 59 61 62 63 64 65 66 67 68 69 70 84 71 72 73 74 75 76 80 81 82 83 19) ((("AMP" 0 22) ("CPD-20026" 23 85) ("Pi" 86 90)) (("ATP" 0 30) ("CPD-18727" 31 89) ("WATER" 90 90))))
CREDITS - SRI
CREDITS - caspi
EC-NUMBER - EC-2.7.9.6
^OFFICIAL? - T
ENZYMATIC-REACTION - ENZRXN-25715
GIBBS-0 - -22.158875    
LEFT - CPD-18727
LEFT - ATP
LEFT - WATER
ORPHAN? - :NO
PHYSIOLOGICALLY-RELEVANT? - T
REACTION-BALANCE-STATUS - :BALANCED
REACTION-DIRECTION - PHYSIOL-LEFT-TO-RIGHT
RIGHT - CPD-20026
RIGHT - AMP
RIGHT - Pi
RIGHT - PROTON
^COEFFICIENT - 2
