UNIQUE-ID - RXN-19737
TYPES - Chemical-Reactions
TYPES - Small-Molecule-Reactions
ATOM-MAPPINGS - (:NO-HYDROGEN-ENCODING (0 1 2 3 4 5 257 6 7 8 9 10 11 12 13 14 15 16 17 18 19 20 21 22 23 24 25 26 27 28 29 30 31 32 33 34 35 36 37 38 39 40 41 42 43 44 45 46 47 48 49 50 51 52 53 54 55 56 57 58 59 60 61 62 63 64 65 66 67 68 69 70 71 72 73 74 75 76 77 78 260 79 80 81 82 83 84 85 262 86 87 88 89 90 91 92 93 94 95 96 97 263 98 99 100 101 102 103 104 105 106 107 108 109 266 110 111 112 267 113 114 115 116 117 269 118 120 121 122 119 123 124 125 126 127 129 130 131 132 133 134 135 136 137 138 139 140 141 142 143 144 128 145 146 147 148 272 149 150 151 152 154 155 156 157 153 158 159 160 161 274 162 163 164 165 166 167 168 277 169 170 278 171 172 173 174 175 176 177 178 179 180 181 182 183 184 185 186 280 187 188 189 190 191 282 192 194 195 196 193 197 198 199 200 201 203 204 205 206 207 208 209 210 211 212 213 214 215 216 217 218 219 221 220 222 223 224 225 226 227 228 291 229 230 231 233 232 234 235 236 237 238 239 240 241 242 243 244 202 245 246 247 248 249 250 251 252 253 254 255 256 258 259 261 264 265 268 270 271 273 275 276 279 281 283 284 287 288 292 285 286 289 290 293 295 294) ((("CPD-21359" 0 256) ("UDP-N-ACETYL-D-GLUCOSAMINE" 257 295)) (("CPD0-939" 0 270) ("UDP" 271 295))))
CREDITS - SRI
CREDITS - caspi
EC-NUMBER - EC-2.4.1.56
^OFFICIAL? - T
GIBBS-0 - 6.8974    
IN-PATHWAY - LIPA-CORESYN-PWY
LEFT - UDP-N-ACETYL-D-GLUCOSAMINE
LEFT - CPD-21359
ORPHAN? - :NO
PHYSIOLOGICALLY-RELEVANT? - T
REACTION-BALANCE-STATUS - :BALANCED
REACTION-DIRECTION - PHYSIOL-LEFT-TO-RIGHT
RIGHT - CPD0-939
RIGHT - UDP
RIGHT - PROTON
