UNIQUE-ID - RXN-18064
TYPES - Chemical-Reactions
TYPES - Small-Molecule-Reactions
ATOM-MAPPINGS - (:NO-HYDROGEN-ENCODING (0 1 2 3 4 5 6 7 8 9 10 11 129 130 132 133 12 13 14 15 16 17 18 19 20 21 22 23 24 25 26 27 28 29 30 31 32 33 34 35 36 37 38 39 40 41 42 43 140 141 142 143 44 45 46 47 48 49 50 51 52 53 54 150 151 153 154 159 160 161 162 166 167 169 170 172 173 174 175 177 178 179 180 181 182 183 184 185 186 187 189 190 192 193 194 195 196 197 198 206 207 208 209 211 212 214 215 216 217 218 219 225 226 228 229 233 234 236 237 239 240 243 244 245 246 248 249 250 251 252 253 254 255 256 257 258 269 270 271 272 273 274 275 276 57 55 279 278 280 281 58 285 286 288 289 291 292 293 294 295 296 297 298 299 300 56 59 301 302 60 61 62 63 64 65 66 67 68 69 70 71 124 125 126 127 128 131 72 73 74 75 76 77 78 79 80 81 134 82 83 84 85 86 87 88 89 90 91 92 93 94 95 96 97 98 99 100 101 135 136 137 138 102 103 139 144 104 105 106 107 108 109 110 111 112 113 114 145 146 147 148 149 152 155 156 157 158 163 164 165 168 171 176 188 191 199 200 201 202 203 204 205 213 210 220 221 222 223 224 227 230 231 232 282 235 238 241 242 247 259 260 261 262 263 264 266 265 267 268 119 118 117 115 120 283 287 284 290 277 121 123 122 116) ((("CPD-9646" 0 59) ("UNDECAPRENYL-DIPHOSPHATE" 60 123) ("Bacillus-Teichuronic-Peptidoglycan" 124 302)) (("CPD-19352" 0 168) ("C6" 169 301) ("WATER" 302 302))))
CREDITS - SRI
CREDITS - caspi
DBLINKS - (METANETX-RXN "MNXR144001" NIL |kothari| 3789143036 NIL NIL)
EC-NUMBER - EC-2.7.8.M1
^OFFICIAL? - NIL
ENZYMATIC-REACTION - ENZRXN-25162
ENZYMATIC-REACTION - ENZRXN-25161
ENZYMATIC-REACTION - ENZRXN-25160
GIBBS-0 - 254.93091    
IN-PATHWAY - PWY-7820
LEFT - CPD-19352
LEFT - C6
LEFT - WATER
ORPHAN? - :NO
PHYSIOLOGICALLY-RELEVANT? - T
REACTION-BALANCE-STATUS - :BALANCED
REACTION-DIRECTION - PHYSIOL-LEFT-TO-RIGHT
RIGHT - Bacillus-Teichuronic-Peptidoglycan
RIGHT - CPD-9646
RIGHT - UNDECAPRENYL-DIPHOSPHATE
RIGHT - PROTON
^COEFFICIENT - 2
