UNIQUE-ID - RXN-18774
TYPES - Chemical-Reactions
TYPES - Small-Molecule-Reactions
ATOM-MAPPINGS - (:NO-HYDROGEN-ENCODING (47 155 156 67 157 158 75 159 83 160 95 161 162 163 104 164 165 166 167 168 169 108 116 170 124 171 149 172 176 177 173 174 178 179 143 175 180 182 181 45 183 184 65 185 186 74 187 82 188 85 189 190 191 98 192 193 194 195 196 197 106 115 198 123 199 126 200 204 205 201 202 206 207 137 203 208 210 209 51 211 212 71 213 214 80 215 93 216 88 217 218 219 102 220 221 222 223 224 225 112 121 226 147 227 129 228 232 233 229 230 234 235 141 231 236 238 237 50 239 240 70 241 242 78 243 91 244 87 245 246 247 100 248 249 250 251 252 253 111 119 254 145 255 128 256 260 261 257 258 262 263 139 259 264 266 265 0 1 2 3 4 5 6 7 8 9 10 11 12 13 14 15 16 17 18 19 20 21 22 23 24 25 26 27 28 29 30 31 32 33 34 35 36 37 38 39 40 41 42 43 44 46 48 49 52 53 54 55 56 57 58 59 60 61 62 63 64 66 68 69 72 73 76 77 81 79 84 96 86 89 90 94 92 97 103 99 101 105 107 109 110 113 114 117 118 122 120 125 150 127 130 131 132 133 134 135 136 142 138 140 144 148 146 151 152 153 154) ((("CPD-20070" 0 154) (("GDP" 1) 155 182) (("GDP" 2) 183 210) (("GDP" 3) 211 238) (("GDP" 4) 239 266)) ((("GDP-MANNOSE" 1) 0 38) (("GDP-MANNOSE" 2) 39 77) (("GDP-MANNOSE" 3) 78 116) (("GDP-MANNOSE" 4) 117 155) ("CPD-20069" 156 266))))
CREDITS - SRI
CREDITS - caspi
EC-NUMBER - EC-2.4.1.371
^OFFICIAL? - T
ENZYMATIC-REACTION - ENZRXN-25752
GIBBS-0 - 27.590576    
IN-PATHWAY - PWY-7905
LEFT - GDP-MANNOSE
^COEFFICIENT - 4
LEFT - CPD-20069
ORPHAN? - :NO
PHYSIOLOGICALLY-RELEVANT? - T
REACTION-BALANCE-STATUS - :BALANCED
REACTION-DIRECTION - PHYSIOL-LEFT-TO-RIGHT
RIGHT - CPD-20070
RIGHT - GDP
^COEFFICIENT - 4
RIGHT - PROTON
^COEFFICIENT - 4
