UNIQUE-ID - RXN-11291
TYPES - Chemical-Reactions
TYPES - Small-Molecule-Reactions
ATOM-MAPPINGS - :CURATED
ATOM-MAPPINGS - (:NO-HYDROGEN-ENCODING (0 1 2 3 4 5 6 7 8 9 10 11 162 12 163 13 164 14 165 15 166 16 167 17 168 18 169 19 20 21 22 23 24 25 26 27 28 29 30 31 32 33 34 35 36 37 38 39 40 41 42 43 44 45 46 47 48 49 200 50 201 51 202 52 53 204 54 55 206 56 207 57 208 58 209 59 210 60 211 61 212 62 63 64 65 66 67 68 69 70 71 72 73 224 74 225 75 226 76 227 77 228 78 229 79 230 80 231 81 232 82 233 83 234 84 235 85 236 86 237 87 238 88 239 89 240 90 241 91 242 243 93 92 244 94 245 95 246 96 247 97 248 98 249 99 250 100 251 101 252 102 253 103 254 104 255 105 256 106 257 107 258 108 259 109 260 110 261 111 262 112 263 113 264 114 265 115 266 116 267 117 268 118 269 119 270 120 271 121 272 122 273 123 274 124 275 125 276 126 277 127 278 279 129 280 130 281 131 282 132 283 133 284 134 285 286 135 136 137 138 139 140 141 292 142 293 143 294 144 128 295 145 146 147 148 149 150 151 152 153 154 155 156 157 158 159 160 161 170 171 172 173 174 175 176 177 178 179 180 181 182 183 184 185 186 187 188 189 190 191 192 193 194 195 196 197 198 199 203 205 213 214 215 216 217 218 219 220 221 222 223 296 290 289 288 287 291 297 299 298) (((("CPD-12297" 1) 0 149) (("CPD-12297" 2) 150 299)) (("CPD-12259" 0 235) ("UNDECAPRENYL-DIPHOSPHATE" 236 299))))
CREDITS - SRI
CREDITS - caspi
DBLINKS - (METANETX-RXN "MNXR116835" NIL |kothari| 3789143028 NIL NIL)
EC-NUMBER - EC-2.4.1.129
^OFFICIAL? - NIL
ENZYMATIC-REACTION - ENZRXN-17550
ENZYMATIC-REACTION - ENZRXN-17542
GIBBS-0 - 6.897583    
IN-PATHWAY - PWY-5265
LEFT - CPD-12297
^COEFFICIENT - 2
ORPHAN? - :NO
PHYSIOLOGICALLY-RELEVANT? - T
REACTION-BALANCE-STATUS - :BALANCED
REACTION-DIRECTION - LEFT-TO-RIGHT
RIGHT - PROTON
RIGHT - UNDECAPRENYL-DIPHOSPHATE
RIGHT - CPD-12259
