UNIQUE-ID - RXN-18027
TYPES - Chemical-Reactions
TYPES - Small-Molecule-Reactions
ATOM-MAPPINGS - (:NO-HYDROGEN-ENCODING (256 257 258 259 260 261 262 263 264 265 266 267 1 2 3 5 8 11 12 13 268 269 270 271 272 273 274 275 276 277 278 279 280 281 282 283 284 285 286 287 288 289 290 291 292 293 294 295 296 297 14 15 16 298 17 299 18 19 20 21 22 25 35 300 301 302 303 304 305 306 307 308 309 310 37 38 39 41 44 47 50 51 55 60 61 62 63 64 65 66 69 72 77 80 85 86 87 88 89 90 91 92 97 94 100 102 103 104 105 106 107 108 109 110 113 116 117 118 121 175 126 129 133 134 135 136 137 138 143 146 149 150 151 152 153 155 154 315 314 313 311 316 176 181 178 187 157 317 319 318 196 197 198 199 200 201 202 203 204 205 206 207 0 4 6 7 9 10 208 209 210 211 212 213 214 215 216 217 218 219 220 221 222 223 224 225 226 227 228 229 230 231 232 233 234 235 236 237 238 239 23 24 26 27 28 29 30 31 32 33 34 240 241 242 243 244 245 246 247 248 249 250 36 40 42 43 45 46 48 49 52 53 54 56 57 58 59 67 68 70 71 73 74 75 76 78 79 81 82 83 84 93 95 96 98 99 101 111 112 114 115 119 120 122 123 124 125 127 128 130 131 132 139 140 141 142 144 145 147 148 156 158 159 160 161 162 163 164 165 253 252 167 166 254 168 169 170 171 172 173 174 177 179 180 182 183 184 185 186 188 189 251 190 191 192 193 255 194 195 312) ((("Rbo-P-Teichoic-aureus-peptidoglycan" 0 195) ("CPD-9646" 196 255) ("UNDECAPRENYL-DIPHOSPHATE" 256 319)) (("CPD-12297" 0 149) ("CPD-19305" 150 318) ("WATER" 319 319))))
CREDITS - SRI
CREDITS - caspi
DBLINKS - (METANETX-RXN "MNXR121345" NIL |kothari| 3789143034 NIL NIL)
EC-NUMBER - EC-2.7.8.M1
ENZYMATIC-REACTION - ENZRXN-25103
ENZYMATIC-REACTION - ENZRXN-25102
ENZYMATIC-REACTION - ENZRXN-25101
GIBBS-0 - 73.17139    
IN-PATHWAY - PWY-7816
LEFT - CPD-19305
LEFT - CPD-12297
LEFT - WATER
ORPHAN? - :NO
PHYSIOLOGICALLY-RELEVANT? - T
REACTION-BALANCE-STATUS - :BALANCED
REACTION-DIRECTION - PHYSIOL-LEFT-TO-RIGHT
RIGHT - Rbo-P-Teichoic-aureus-peptidoglycan
RIGHT - CPD-9646
RIGHT - UNDECAPRENYL-DIPHOSPHATE
RIGHT - PROTON
^COEFFICIENT - 2
