UNIQUE-ID - RXN-5468
TYPES - Chemical-Reactions
TYPES - Small-Molecule-Reactions
ATOM-MAPPINGS - (:NO-HYDROGEN-ENCODING (0 1 2 3 4 5 6 7 8 9 10 11 12 13 14 15 16 17 18 19 20 21 22 23 24 25 26 27 28 29 30 31 32 33 34 35 36 37 38 39 40 41 42 43 44 45 46 47 48 49 50 51 52 53 54 55 56 57 58 59 60 61 62 63 64 65 67 68 69 70 71 74 72 73 75 76 77 78 79 80 81 82 83 84 85 86 87 88 89 90 91 92 93 95 96 97 98 99 102 100 101 103 104 105 107 108 109 110 111 112 113 114 115 117 118 119 120 121 123 124 125 126 127 128 129 130 131 132 133 134 135 137 138 139 140 141 142 143 144 145 147 148 149 150 151 181 152 153 154 155 157 158 159 160 161 162 163 164 165 167 168 169 170 171 173 174 175 176 177 178 179 180 182 183 192 185 186 187 188 189 190 191 193 194 195 196 197 198 199 200 201 202 203 204 205 206 207 208 209 210 211 212 213 214 215 216 217 218 219 220 221 222 223 224 225 226 227 228 229 230 231 232 233 234 235 236 237 238 239 240 241 242 243 244 245 246 247 248 249 250 251 252 253 254 255 256 257 258 259 260 261 262 263 264 265 266 267 268 66 269 270 271 272 273 274 275 276 277 278 279 280 281 282 283 284 94 106 116 122 136 146 156 166 172 285 287 288 184 286 289) (((CPD-5167 0 204) (DOLICHOLP 205 289)) ((CPD-5166 0 193) (CPD-171 194 289))))
CREDITS - SRI
CREDITS - caspi
DBLINKS - (METANETX-RXN "MNXR121813" NIL |kothari| 3789143035 NIL NIL)
DBLINKS - (LIGAND-RXN "R06260" NIL |kr| 3650824949 NIL NIL)
DBLINKS - (RHEA "29538" NIL |kothari| 3571758023 NIL NIL)
EC-NUMBER - EC-2.4.1.260
^OFFICIAL? - T
ENZYMATIC-REACTION - ENZRXN-7430
GIBBS-0 - 7.52124    
IN-PATHWAY - MANNOSYL-CHITO-DOLICHOL-BIOSYNTHESIS
LEFT - CPD-171
LEFT - CPD-5166
ORPHAN? - :NO
PHYSIOLOGICALLY-RELEVANT? - T
REACTION-BALANCE-STATUS - :BALANCED
REACTION-DIRECTION - PHYSIOL-LEFT-TO-RIGHT
RIGHT - CPD-5167
RIGHT - DOLICHOLP
RIGHT - PROTON
RXN-LOCATIONS - CCO-RGH-ER-LUM
