UNIQUE-ID - RXN-8720
TYPES - Chemical-Reactions
TYPES - Small-Molecule-Reactions
ATOM-MAPPINGS - (:NO-HYDROGEN-ENCODING (67 68 0 1 69 70 71 72 4 5 141 74 140 2 73 75 8 76 9 77 78 11 147 80 146 79 10 81 82 14 15 83 84 85 86 18 19 155 88 154 16 87 89 22 158 91 157 90 92 25 93 94 27 163 96 162 26 95 165 98 164 97 17 3 99 32 100 33 101 34 102 35 103 104 37 173 106 172 105 36 107 40 108 109 41 42 110 111 112 113 45 46 182 115 181 43 116 49 117 118 51 187 120 186 50 119 189 122 188 121 44 123 56 124 125 58 194 127 193 126 57 61 128 114 129 62 63 130 131 64 132 65 133 66 201 202 134 135 203 204 205 206 138 139 208 7 207 136 6 209 142 210 143 211 212 145 214 13 213 12 144 215 216 148 149 217 218 219 220 152 153 222 21 221 150 20 223 156 225 24 224 23 226 159 227 228 161 230 29 229 160 28 232 31 231 30 151 137 233 166 234 167 235 168 236 169 237 238 171 240 39 239 38 170 241 174 242 243 175 176 244 245 246 247 179 180 249 48 248 177 250 183 251 252 185 254 53 253 184 52 256 55 255 54 178 257 190 258 259 192 261 60 260 59 191 195 262 47 263 196 197 264 265 198 266 199 267 200 268 269) ((((CPD-8949 1) 0 66) ((CPD-8949 2) 67 133) ((CPD-8949 3) 134 200) ((CPD-8949 4) 201 267) (OXYGEN-MOLECULE 268 269)) (((CPD-8950 1) 0 133) ((CPD-8950 2) 134 267) ((WATER 1) 268 268) ((WATER 2) 269 269))))
DBLINKS - (METANETX-RXN "MNXR122448" NIL |kothari| 3789143028 NIL NIL)
EC-NUMBER - EC-1.10.3
ENZYMATIC-REACTION - ENZRXN-13856
GIBBS-0 - -76.6543    
IN-PATHWAY - PWY-5476
LEFT - CPD-8949
^COEFFICIENT - 4
LEFT - OXYGEN-MOLECULE
ORPHAN? - :NO
PHYSIOLOGICALLY-RELEVANT? - T
REACTION-BALANCE-STATUS - :BALANCED
REACTION-DIRECTION - PHYSIOL-LEFT-TO-RIGHT
RIGHT - CPD-8950
^COEFFICIENT - 2
RIGHT - WATER
^COEFFICIENT - 2
