UNIQUE-ID - RXN-14256
TYPES - Chemical-Reactions
TYPES - Small-Molecule-Reactions
ATOM-MAPPINGS - (:NO-HYDROGEN-ENCODING (0 1 2 3 4 5 6 7 8 9 10 11 12 13 14 15 16 102 104 101 20 21 17 18 22 23 103 24 105 26 25 27 28 29 30 31 32 33 34 35 36 37 38 39 40 41 42 43 44 45 46 47 48 49 50 51 52 53 54 56 57 58 59 60 55 61 62 63 64 65 66 67 68 69 70 71 73 74 75 76 78 79 80 81 82 83 84 85 86 87 77 97 89 88 90 91 92 93 94 95 96 72 98 99 100 19) ((("ADP" 0 26) ("CPD-15182" 27 90) ("GLT" 91 100) ("Pi" 101 105)) (("ATP" 0 30) ("CPD-9049" 31 94) ("GLN" 95 104) ("WATER" 105 105))))
ATOM-MAPPINGS - (:NO-HYDROGEN-ENCODING (0 1 2 3 4 5 6 7 8 9 10 11 12 13 14 15 16 102 104 101 20 21 17 18 22 23 103 24 105 26 25 27 28 29 30 31 32 33 34 35 36 37 38 39 40 41 42 43 44 45 46 47 48 49 50 51 52 53 54 56 57 58 59 60 55 61 62 63 64 65 66 67 68 69 70 71 73 74 75 76 78 79 80 81 82 83 84 85 86 87 77 19 89 88 90 91 92 93 94 95 96 72 98 99 100 97) ((("ADP" 0 26) ("CPD-15182" 27 90) ("GLT" 91 100) ("Pi" 101 105)) (("ATP" 0 30) ("CPD-9049" 31 94) ("GLN" 95 104) ("WATER" 105 105))))
ATOM-MAPPINGS - (:NO-HYDROGEN-ENCODING (0 1 2 3 4 5 6 7 8 9 10 11 12 13 14 15 16 102 104 101 20 21 17 18 22 23 19 24 105 26 25 27 28 29 30 31 32 33 34 35 36 37 38 39 40 41 42 43 44 45 46 47 48 49 50 51 52 53 54 56 57 58 59 60 55 61 62 63 64 65 66 67 68 69 70 71 73 74 75 76 78 79 80 81 82 83 84 85 86 87 77 97 89 88 90 91 92 93 94 95 96 72 98 99 100 103) ((("ADP" 0 26) ("CPD-15182" 27 90) ("GLT" 91 100) ("Pi" 101 105)) (("ATP" 0 30) ("CPD-9049" 31 94) ("GLN" 95 104) ("WATER" 105 105))))
ATOM-MAPPINGS - (:NO-HYDROGEN-ENCODING (0 1 2 3 4 5 6 7 8 9 10 11 12 13 14 15 16 102 104 101 20 21 17 18 22 23 19 24 105 26 25 27 28 29 30 31 32 33 34 35 36 37 38 39 40 41 42 43 44 45 46 47 48 49 50 51 52 53 54 56 57 58 59 60 55 61 62 63 64 65 66 67 68 69 70 71 73 74 75 76 78 79 80 81 82 83 84 85 86 87 77 103 89 88 90 91 92 93 94 95 96 72 98 99 100 97) ((("ADP" 0 26) ("CPD-15182" 27 90) ("GLT" 91 100) ("Pi" 101 105)) (("ATP" 0 30) ("CPD-9049" 31 94) ("GLN" 95 104) ("WATER" 105 105))))
CREDITS - SRI
CREDITS - caspi
DBLINKS - (METANETX-RXN "MNXR118586" NIL |kothari| 3789143036 NIL NIL)
DBLINKS - (LIGAND-RXN "R09598" NIL |kr| 3650824949 NIL NIL)
DBLINKS - (RHEA "34550" NIL |kothari| 3571757975 NIL NIL)
GIBBS-0 - 3.921753    
IN-PATHWAY - RXN-8769
LEFT - CPD-9049
LEFT - GLN
LEFT - ATP
LEFT - WATER
ORPHAN? - :NO
PHYSIOLOGICALLY-RELEVANT? - T
REACTION-BALANCE-STATUS - :BALANCED
RIGHT - CPD-15182
RIGHT - GLT
RIGHT - ADP
RIGHT - Pi
RIGHT - PROTON
