UNIQUE-ID - RXN-5466
TYPES - Chemical-Reactions
TYPES - Small-Molecule-Reactions
ATOM-MAPPINGS - (:NO-HYDROGEN-ENCODING (0 1 2 3 4 5 6 7 8 9 10 11 12 13 14 15 16 17 18 19 20 21 22 23 24 25 26 27 28 29 30 31 32 33 34 35 36 37 38 39 40 41 42 43 44 45 46 47 48 49 50 51 52 53 54 55 56 57 58 59 60 61 62 63 64 65 70 67 68 69 71 72 73 74 75 76 77 78 79 80 81 82 83 84 85 86 87 88 89 90 91 96 93 94 95 97 98 99 100 101 106 103 104 105 107 108 109 120 111 112 113 116 115 117 118 119 121 122 123 124 125 126 128 129 130 131 132 133 138 135 136 137 139 140 141 142 147 144 145 146 148 149 150 175 152 153 154 157 156 158 159 160 161 162 163 164 165 167 168 169 170 171 172 173 174 176 177 178 179 180 181 182 183 184 185 186 187 188 189 190 191 192 193 194 195 196 197 198 199 200 201 202 203 204 205 206 207 208 209 210 211 212 213 214 215 216 217 218 219 220 221 222 223 224 225 226 227 228 229 230 231 232 233 234 235 236 237 238 239 240 241 242 243 244 245 246 66 247 248 249 250 251 252 253 254 255 256 257 258 259 260 261 262 92 102 110 114 127 134 143 151 155 263 265 266 166 264 267) (((CPD-5165 0 182) (DOLICHOLP 183 267)) ((CPD-5164 0 171) (CPD-171 172 267))))
CREDITS - SRI
CREDITS - caspi
DBLINKS - (METANETX-RXN "MNXR121811" NIL |kothari| 3789143028 NIL NIL)
DBLINKS - (LIGAND-RXN "R06258" NIL |kr| 3650824949 NIL NIL)
DBLINKS - (RHEA "29530" NIL |kothari| 3571758023 NIL NIL)
EC-NUMBER - EC-2.4.1.258
^OFFICIAL? - T
ENZYMATIC-REACTION - ENZRXN-7428
GIBBS-0 - 7.52124    
IN-PATHWAY - MANNOSYL-CHITO-DOLICHOL-BIOSYNTHESIS
LEFT - CPD-171
LEFT - CPD-5164
ORPHAN? - :NO
PHYSIOLOGICALLY-RELEVANT? - T
REACTION-BALANCE-STATUS - :BALANCED
REACTION-DIRECTION - LEFT-TO-RIGHT
RIGHT - CPD-5165
RIGHT - DOLICHOLP
RIGHT - PROTON
RXN-LOCATIONS - CCO-RGH-ER-LUM
