UNIQUE-ID - RXN-17328
TYPES - Chemical-Reactions
TYPES - Small-Molecule-Reactions
ATOM-MAPPINGS - (:NO-HYDROGEN-ENCODING (0 3 6 9 12 15 18 21 24 25 28 29 32 33 34 35 36 37 38 39 40 41 44 45 48 49 52 55 58 61 64 67 68 69 72 75 78 81 84 87 90 91 92 93 94 95 96 97 98 99 102 103 104 115 116 105 106 107 108 111 112 113 114 117 118 119 120 121 122 123 126 128 131 135 136 137 2 22 5 8 11 14 17 20 138 27 139 31 140 141 142 143 144 145 146 147 148 43 149 47 150 100 51 54 57 60 63 152 151 88 71 74 77 80 83 86 154 153 155 157 156 159 158 161 160 66 163 162 165 164 166 168 167 170 109 171 172 173 175 174 176 169 177 178 179 125 129 132 134 180 181 1 23 4 7 10 13 16 19 182 26 183 30 184 185 186 187 188 189 190 191 192 42 193 46 194 101 50 53 56 59 62 196 195 89 70 73 76 79 82 85 198 197 199 201 200 203 202 205 204 65 207 206 209 208 210 212 211 214 110 215 216 217 219 218 220 213 221 222 223 124 127 130 133 224) (((CPD-18716 0 136) ((CPD-18715 1) 137 180) ((CPD-18715 2) 181 224)) (((CPD-18714 1) 0 74) ((CPD-18714 2) 75 149) ((CPD-18714 3) 150 224))))
CREDITS - SRI
CREDITS - caspi
DBLINKS - (METANETX-RXN "MNXR120842" NIL |kothari| 3789143034 NIL NIL)
EC-NUMBER - EC-2.3.1.284
^OFFICIAL? - T
ENZYMATIC-REACTION - ENZRXN-24463
GIBBS-0 - 0.    
LEFT - CPD-18714
^COEFFICIENT - 3
ORPHAN? - :NO
PHYSIOLOGICALLY-RELEVANT? - T
REACTION-BALANCE-STATUS - :BALANCED
REACTION-DIRECTION - PHYSIOL-LEFT-TO-RIGHT
RIGHT - CPD-18716
RIGHT - CPD-18715
^COEFFICIENT - 2
