UNIQUE-ID - RXN-20088
TYPES - Chemical-Reactions
TYPES - Composite-Reactions
TYPES - Small-Molecule-Reactions
ATOM-MAPPINGS - (:NO-HYDROGEN-ENCODING (0 1 2 3 4 5 6 7 8 9 10 11 12 13 14 15 16 168 169 167 20 21 17 19 22 23 170 24 171 26 25 27 28 29 30 31 32 132 34 35 36 37 38 39 40 41 42 43 44 45 46 47 48 49 50 51 52 53 54 55 56 57 58 59 60 61 62 63 64 65 66 67 68 69 70 71 72 73 74 75 76 77 78 79 80 81 82 83 84 85 86 87 88 89 90 91 92 93 94 95 96 97 98 99 100 101 102 103 104 105 106 107 108 109 110 111 113 112 114 115 116 117 118 119 120 121 122 124 125 126 127 128 123 129 130 131 133 134 135 136 137 138 139 140 141 142 143 144 145 146 148 149 150 151 152 153 33 147 155 154 156 157 158 159 160 161 162 163 164 165 166 18) ((("ADP" 0 26) ("GLT" 27 36) ("CPD-12298" 37 166) ("Pi" 167 171)) (("ATP" 0 30) ("GLN" 31 40) ("CPD-7695" 41 170) ("WATER" 171 171))))
ATOM-MAPPINGS - (:NO-HYDROGEN-ENCODING (0 1 2 3 4 5 6 7 8 9 10 11 12 13 14 15 16 168 169 167 20 21 17 19 22 23 170 24 171 26 25 27 28 29 30 31 32 132 34 35 36 37 38 39 40 41 42 43 44 45 46 47 48 49 50 51 52 53 54 55 56 57 58 59 60 61 62 63 64 65 66 67 68 69 70 71 72 73 74 75 76 77 78 79 80 81 82 83 84 85 86 87 88 89 90 91 92 93 94 95 96 97 98 99 100 101 102 103 104 105 106 107 108 109 110 111 113 112 114 115 116 117 118 119 120 121 122 124 125 126 127 128 123 129 130 131 133 134 135 136 137 138 139 140 141 142 143 144 145 146 148 149 150 151 152 153 18 147 155 154 156 157 158 159 160 161 162 163 164 165 166 33) ((("ADP" 0 26) ("GLT" 27 36) ("CPD-12298" 37 166) ("Pi" 167 171)) (("ATP" 0 30) ("GLN" 31 40) ("CPD-7695" 41 170) ("WATER" 171 171))))
ATOM-MAPPINGS - (:NO-HYDROGEN-ENCODING (0 1 2 3 4 5 6 7 8 9 10 11 12 13 14 15 16 168 170 167 20 21 17 18 22 23 19 24 171 26 25 27 28 29 30 31 32 132 34 35 36 37 38 39 40 41 42 43 44 45 46 47 48 49 50 51 52 53 54 55 56 57 58 59 60 61 62 63 64 65 66 67 68 69 70 71 72 73 74 75 76 77 78 79 80 81 82 83 84 85 86 87 88 89 90 91 92 93 94 95 96 97 98 99 100 101 102 103 104 105 106 107 108 109 110 111 113 112 114 115 116 117 118 119 120 121 122 124 125 126 127 128 123 129 130 131 133 134 135 136 137 138 139 140 141 142 143 144 145 146 148 149 150 151 152 153 169 147 155 154 156 157 158 159 160 161 162 163 164 165 166 33) ((("ADP" 0 26) ("GLT" 27 36) ("CPD-12298" 37 166) ("Pi" 167 171)) (("ATP" 0 30) ("GLN" 31 40) ("CPD-7695" 41 170) ("WATER" 171 171))))
ATOM-MAPPINGS - (:NO-HYDROGEN-ENCODING (0 1 2 3 4 5 6 7 8 9 10 11 12 13 14 15 16 168 170 167 20 21 17 18 22 23 19 24 171 26 25 27 28 29 30 31 32 132 34 35 36 37 38 39 40 41 42 43 44 45 46 47 48 49 50 51 52 53 54 55 56 57 58 59 60 61 62 63 64 65 66 67 68 69 70 71 72 73 74 75 76 77 78 79 80 81 82 83 84 85 86 87 88 89 90 91 92 93 94 95 96 97 98 99 100 101 102 103 104 105 106 107 108 109 110 111 113 112 114 115 116 117 118 119 120 121 122 124 125 126 127 128 123 129 130 131 133 134 135 136 137 138 139 140 141 142 143 144 145 146 148 149 150 151 152 153 33 147 155 154 156 157 158 159 160 161 162 163 164 165 166 169) ((("ADP" 0 26) ("GLT" 27 36) ("CPD-12298" 37 166) ("Pi" 167 171)) (("ATP" 0 30) ("GLN" 31 40) ("CPD-7695" 41 170) ("WATER" 171 171))))
CREDITS - SRI
CREDITS - caspi
EC-NUMBER - EC-6.3.5.13
^OFFICIAL? - T
ENZYMATIC-REACTION - ENZRXN-17651
GIBBS-0 - -1.8405151    
IN-PATHWAY - PWY-6471
IN-PATHWAY - PWY-5265
LEFT - GLN
LEFT - CPD-7695
LEFT - ATP
LEFT - WATER
ORPHAN? - :NO
PHYSIOLOGICALLY-RELEVANT? - T
REACTION-BALANCE-STATUS - :BALANCED
REACTION-DIRECTION - PHYSIOL-LEFT-TO-RIGHT
REACTION-LIST - GLUTAMIN-RXN
REACTION-LIST - RXN-11339
REACTION-LIST - RXN-20091
RIGHT - GLT
RIGHT - CPD-12298
RIGHT - ADP
RIGHT - Pi
RIGHT - PROTON
