UNIQUE-ID - RXN-17317
TYPES - Chemical-Reactions
TYPES - Small-Molecule-Reactions
ATOM-MAPPINGS - (:NO-HYDROGEN-ENCODING (2 161 6 9 12 15 18 21 24 27 162 31 163 35 164 39 165 43 166 47 167 51 168 55 169 59 170 63 171 67 172 71 173 75 174 79 175 83 86 89 92 95 98 177 176 103 106 109 112 115 118 121 124 179 178 180 182 181 184 183 186 185 136 188 187 190 189 141 191 193 192 195 148 197 196 198 200 199 201 194 202 203 204 1 205 5 8 11 14 17 20 23 26 206 30 207 34 208 38 209 42 210 46 211 50 212 54 213 58 214 62 215 66 216 70 217 74 218 78 219 82 85 88 91 94 97 221 220 102 105 108 111 114 117 120 123 223 222 224 226 225 228 227 230 229 135 232 231 234 233 140 235 237 236 239 147 240 241 242 244 243 245 238 246 247 248 0 3 4 7 10 13 16 19 22 25 28 29 32 33 36 37 40 41 44 45 48 49 52 53 56 57 60 61 64 65 68 69 72 73 76 77 80 81 84 87 90 93 96 99 100 101 104 107 110 113 116 119 122 125 126 127 128 129 130 131 132 133 134 137 138 152 153 139 142 143 144 145 146 150 149 151 154 155 156 157 158 159 160) (((CPD-18600 0 160) ((CPD-18704 1) 161 204) ((CPD-18704 2) 205 248)) (((CPD-18706 1) 0 82) ((CPD-18706 2) 83 165) ((CPD-18706 3) 166 248))))
CREDITS - SRI
CREDITS - caspi
DBLINKS - (METANETX-RXN "MNXR120832" NIL |kothari| 3789143027 NIL NIL)
EC-NUMBER - EC-2.3.1.284
ENZYMATIC-REACTION - ENZRXN-24457
GIBBS-0 - 2.44140610000e-4
IN-PATHWAY - PWY-7746
LEFT - CPD-18706
^COEFFICIENT - 3
ORPHAN? - :NO
PHYSIOLOGICALLY-RELEVANT? - T
REACTION-BALANCE-STATUS - :BALANCED
REACTION-DIRECTION - LEFT-TO-RIGHT
RIGHT - CPD-18600
RIGHT - CPD-18704
^COEFFICIENT - 2
