UNIQUE-ID - RXN-16717
TYPES - Chemical-Reactions
TYPES - Small-Molecule-Reactions
TYPES - Unknown-Conversions
COMMON-NAME - fusaric acid polyketide synthase
ATOM-MAPPINGS - :INVALID
ATOM-MAPPINGS - ((:NO-HYDROGEN-ENCODING (3 5 139 140 0 1 2 3 5 16 139 146 0 1 2 3 5 16 139 140 427 3 6 309 310 315 141 7 311 328 142 8 14 312 143 9 10 313 144 314 145 3 5 13 16 146 497 147 316 148 317 4 9 159 497 149 318 4 15 319 328 150 151 320 152 321 153 322 5 16 139 140 146 154 497 155 324 156 325 9 17 157 159 497 158 327 0 4 9 17 18 159 329 160 20 330 161 21 330 162 163 332 164 333 165 334 166 335 498 23 167 337 168 24 169 498 499 25 170 498 499 341 172 340 342 173 342 171 26 344 351 175 470 27 343 345 174 26 177 182 463 470 27 176 462 347 178 24 29 179 498 499 180 349 350 181 27 28 29 346 348 351 175 179 182 463 352 183 30 353 354 184 30 185 472 31 355 186 0 16 17 18 311 319 143 154 429 3 5 308 309 140 1 3 5 308 309 139 310 141 8 18 311 142 312 143 313 141 144 314 145 3 5 315 146 147 316 148 317 13 16 17 310 144 157 159 438 497 149 318 319 150 151 320 152 321 153 322 1 2 3 5 13 323 154 155 324 156 325 4 18 326 157 158 327 0 4 9 328 159 329 160 330 161 330 331 162 163 332 164 333 165 334 166 335 24 25 26 29 170 459 499 336 167 177 337 168 29 338 167 169 339 170 341 343 172 464 342 171 340 173 344 175 343 174 344 346 351 177 517 343 345 176 347 178 348 169 179 180 349 350 181 351 177 182 463 352 353 183 353 184 353 354 185 355 186 3 4 5 308 141 154 0 2 16 323 140 141 1 16 308 323 139 141 430 5 6 139 140 146 154 4 7 9 7 8 142 10 433 13 16 323 141 146 430 435 436 4 9 311 142 150 159 430 447 497 437 7 15 157 159 497 439 440 441 16 309 315 141 154 430 438 443 444 17 328 142 150 157 429 446 17 18 326 142 150 159 429 448 20 21 162 21 161 162 451 452 453 454 167 499 517 23 170 498 456 24 348 169 25 170 460 459 461 173 465 470 462 26 346 351 177 27 176 466 24 29 338 179 468 469 27 463 470 471 472 30 185 31 0 1 13 140 427 139 428 429 430 431 9 432 434 497 13 438 442 445 447 449 450 29 455 457 458 182 467 498 499 184 473 474 12 14 139 140 146 11 159 32 19 22 33 28 182 175 182 465 174 464) ((("CPD-18035" 0 138) (("CO-A" 1) 139 307) (("CO-A" 2) 308 426) (("CO-A" 3) 427 496) ("CARBON-DIOXIDE" 497 516) ("WATER" 517 518)) ((("ACETYL-COA" 1) 0 177) (("ACETYL-COA" 2) 178 335) (("ACETYL-COA" 3) 336 468) ("ACP" 469 518)))))
CANNOT-BALANCE? - NIL
CITATIONS - 22652150
CREDITS - O-28
CREDITS - hartmut
DBLINKS - (METANETX-RXN "MNXR120319" NIL |kothari| 3789143028 NIL NIL)
EC-NUMBER - EC-2.3.1
ENZYMATIC-REACTION - ENZRXN-23902
ENZYMATIC-REACTION - ENZRXN-23901
ENZYMATIC-REACTION - ENZRXN-23898
GIBBS-0 - -113.23877    
IN-PATHWAY - PWY-7672
LEFT - ACETYL-COA
^COEFFICIENT - 3
LEFT - ACP
LEFT - NADPH
^COEFFICIENT - 3
LEFT - PROTON
^COEFFICIENT - 3
ORPHAN? - :NO
PHYSIOLOGICALLY-RELEVANT? - T
REACTION-BALANCE-STATUS - :BALANCED
REACTION-DIRECTION - LEFT-TO-RIGHT
RIGHT - CPD-18035
RIGHT - CO-A
^COEFFICIENT - 3
RIGHT - CARBON-DIOXIDE
RIGHT - WATER
RIGHT - NADP
^COEFFICIENT - 3
