UNIQUE-ID - RXN-21329
TYPES - Chemical-Reactions
TYPES - Small-Molecule-Reactions
ATOM-MAPPINGS - (:NO-HYDROGEN-ENCODING (151 152 44 45 153 154 155 156 157 158 159 160 161 162 73 74 163 164 165 166 167 168 169 170 171 172 173 174 175 176 177 178 179 107 108 109 180 181 182 185 184 183 187 186 189 188 190 191 192 193 194 195 196 197 198 0 1 2 3 4 5 6 7 8 9 10 11 12 13 14 15 16 17 18 19 20 21 22 23 24 25 26 27 28 29 30 31 32 33 34 35 36 37 38 39 40 41 42 43 50 46 47 48 49 51 52 53 54 55 56 57 58 59 60 61 62 63 64 65 69 66 67 68 70 71 72 75 76 77 78 79 81 80 82 83 84 85 87 86 88 89 90 91 92 93 94 95 96 97 99 98 100 101 102 132 103 104 105 106 110 111 112 113 114 116 115 117 118 119 120 122 121 123 124 125 126 127 128 129 130 131 133 134 135 136 140 137 138 139 141 142 143 144 145 146 147 148 149 150) ((("CPD-23230" 0 150) ("CO-A" 151 198)) (("SUC-COA" 0 54) ("CPD-23229" 55 198))))
CREDITS - SRI
CREDITS - keseler
ENZYMATIC-REACTION - ENZRXN1ZM8-3883
IN-PATHWAY - PWY-8133
LEFT - CPD-23229
LEFT - SUC-COA
ORPHAN? - :NO
PHYSIOLOGICALLY-RELEVANT? - T
REACTION-BALANCE-STATUS - :BALANCED
REACTION-DIRECTION - PHYSIOL-LEFT-TO-RIGHT
RIGHT - CPD-23230
RIGHT - CO-A
