UNIQUE-ID - RXN-21331
TYPES - Chemical-Reactions
TYPES - Small-Molecule-Reactions
ATOM-MAPPINGS - (:NO-HYDROGEN-ENCODING (0 1 2 3 4 5 6 7 8 9 10 11 12 162 13 14 15 16 17 18 19 20 21 22 23 24 25 26 27 28 29 30 31 32 33 34 35 36 37 38 39 40 41 42 43 44 45 47 48 49 50 51 52 53 54 46 55 56 57 58 59 60 61 62 63 64 65 66 68 69 70 71 72 73 74 67 75 76 78 79 80 81 82 84 85 86 87 83 88 90 91 92 89 93 94 95 96 97 77 98 99 100 101 102 104 105 106 103 107 108 164 163 110 111 112 113 114 115 116 118 119 120 121 122 124 125 126 127 123 128 130 131 132 129 133 134 135 166 165 136 137 138 139 140 141 142 143 109 144 145 147 148 149 150 151 152 146 153 154 155 156 157 170 158 159 160 161 169 167 117 168 171) ((("CPD-23232" 0 161) ("PHOSPHO-ENOL-PYRUVATE" 162 171)) (("CPD-23233" 0 166) ("Pi" 167 171))))
ATOM-MAPPINGS - (:NO-HYDROGEN-ENCODING (0 1 2 3 4 5 6 7 8 9 10 11 12 162 13 14 15 16 17 18 19 20 21 22 23 24 25 26 27 28 29 30 31 32 33 34 35 36 37 38 39 40 41 42 43 44 45 47 48 49 50 51 52 53 54 46 55 56 57 58 59 60 61 62 63 64 65 66 68 69 70 71 72 73 74 67 75 76 78 79 80 81 82 84 85 86 87 83 88 90 91 92 89 93 94 95 96 97 77 98 99 100 101 102 104 105 106 103 107 108 164 163 110 111 112 113 114 115 116 118 119 120 121 122 124 125 126 127 123 128 130 131 132 129 133 134 135 166 165 136 137 138 139 140 141 142 143 109 144 145 147 148 149 150 151 152 146 153 154 155 156 157 117 158 159 160 161 169 167 170 168 171) ((("CPD-23232" 0 161) ("PHOSPHO-ENOL-PYRUVATE" 162 171)) (("CPD-23233" 0 166) ("Pi" 167 171))))
ATOM-MAPPINGS - (:NO-HYDROGEN-ENCODING (0 1 2 3 4 5 6 7 8 9 10 11 12 162 13 14 15 16 17 18 19 20 21 22 23 24 25 26 27 28 29 30 31 32 33 34 35 36 37 38 39 40 41 42 43 44 45 47 48 49 50 51 52 53 54 46 55 56 57 58 59 60 61 62 63 64 65 66 68 69 70 71 72 73 74 67 75 76 78 79 80 81 82 84 85 86 87 83 88 90 91 92 89 93 94 95 96 97 77 98 99 100 101 102 104 105 106 103 107 108 164 163 110 111 112 113 114 115 116 118 119 120 121 122 124 125 126 127 123 128 130 131 132 129 133 134 135 166 165 136 137 138 139 140 141 142 143 170 144 145 147 148 149 150 151 152 146 153 154 155 156 157 117 158 159 160 161 169 167 109 168 171) ((("CPD-23232" 0 161) ("PHOSPHO-ENOL-PYRUVATE" 162 171)) (("CPD-23233" 0 166) ("Pi" 167 171))))
CREDITS - SRI
CREDITS - keseler
ENZYMATIC-REACTION - ENZRXN1ZM8-3884
IN-PATHWAY - PWY-8133
LEFT - CPD-23232
LEFT - PHOSPHO-ENOL-PYRUVATE
ORPHAN? - :NO
PHYSIOLOGICALLY-RELEVANT? - T
REACTION-BALANCE-STATUS - :BALANCED
REACTION-DIRECTION - PHYSIOL-LEFT-TO-RIGHT
RIGHT - CPD-23233
RIGHT - Pi
