UNIQUE-ID - RXN-7575
TYPES - Chemical-Reactions
TYPES - Composite-Reactions
TYPES - Small-Molecule-Reactions
ATOM-MAPPINGS - :INVALID
ATOM-MAPPINGS - ((:NO-HYDROGEN-ENCODING (5 7 236 237 74 75 76 94 406 413 5 6 7 74 75 76 94 407 6 7 76 79 408 12 239 243 77 78 409 240 78 410 241 79 411 2 6 7 10 11 576 238 251 77 85 407 409 417 421 80 5 6 7 595 76 81 94 413 82 83 84 10 12 85 417 6 12 595 247 254 76 408 424 5 6 10 12 576 595 247 254 76 94 408 424 426 86 87 88 5 6 7 595 236 237 243 251 76 89 92 94 421 90 91 10 11 576 254 256 77 81 85 89 92 424 93 2 10 11 12 595 256 74 75 77 81 85 89 94 426 95 258 96 428 259 96 97 429 98 99 100 101 15 102 434 15 578 596 264 267 112 437 16 597 264 266 267 274 437 14 15 578 596 264 267 116 437 103 596 597 266 276 104 105 436 14 577 578 267 102 105 437 578 108 442 444 449 279 107 443 268 106 444 449 110 112 114 109 111 114 112 114 111 443 113 117 596 597 114 446 115 116 449 114 117 118 451 452 119 120 120 452 283 121 453 236 81 407 7 236 237 81 406 238 408 239 243 409 240 243 410 241 411 6 7 74 75 76 80 81 89 242 412 7 595 243 413 414 244 245 415 246 416 247 417 6 576 595 85 92 94 10 11 12 595 77 85 92 248 418 249 419 250 420 251 89 406 407 413 421 422 252 253 423 576 254 92 424 426 255 425 12 256 426 257 427 258 428 259 429 430 260 431 261 262 432 263 433 264 434 577 596 102 105 14 15 578 597 102 105 436 14 15 16 578 597 102 105 265 435 266 104 436 446 577 578 267 105 437 268 270 440 269 439 268 270 272 117 442 271 441 274 276 279 114 444 446 273 279 443 275 445 596 597 276 446 277 447 278 448 279 113 446 449 280 450 281 451 282 452 283 453 237 238 251 74 75 89 94 406 407 421 426 236 237 238 251 74 94 406 407 421 426 0 1 2 3 4 5 6 7 10 11 12 236 237 238 241 243 251 74 75 81 89 408 6 7 239 240 256 77 94 409 239 240 243 78 410 238 241 79 411 242 412 576 238 243 251 81 89 94 406 413 421 426 414 244 245 415 8 9 246 416 6 7 10 595 247 254 256 92 94 417 11 595 254 418 248 249 419 250 420 595 238 251 74 81 89 92 94 421 424 426 422 252 423 253 595 239 247 254 81 89 92 94 421 424 255 425 576 239 247 254 256 74 75 81 89 92 94 406 407 413 421 424 426 257 427 258 259 96 97 428 258 259 97 428 429 430 260 431 261 262 432 263 433 13 596 597 434 16 596 267 442 265 435 596 597 266 104 105 114 436 437 596 597 267 437 268 270 438 269 439 438 440 272 110 442 264 271 441 274 117 444 273 439 443 275 445 577 578 266 276 104 114 436 446 277 447 278 279 448 279 112 440 449 280 450 281 451 282 450 452 283 121 453) ((("CPD-6956" 0 73) (("CO-A" 1) 74 235) (("CO-A" 2) 236 405) (("CO-A" 3) 406 575) (("CARBON-DIOXIDE" 1) 576 594) (("CARBON-DIOXIDE" 2) 595 625)) ((("MALONYL-COA" 1) 0 224) (("MALONYL-COA" 2) 225 391) ("P-COUMAROYL-COA" 392 625)))))
DBLINKS - (METANETX-RXN "MNXR121959" NIL |kothari| 3789143034 NIL NIL)
EC-NUMBER - EC-2.3.1.M47
^OFFICIAL? - T
ENZYMATIC-REACTION - ENZRXN-12538
ENZYMATIC-REACTION - ENZRXN-12530
ENZYMATIC-REACTION - ENZRXN-12076
ENZYMATIC-REACTION - ENZRXN-27391
GIBBS-0 - -7.5429687    
IN-PATHWAY - PWY-84
LEFT - P-COUMAROYL-COA
LEFT - MALONYL-COA
^COEFFICIENT - 2
LEFT - PROTON
ORPHAN? - :NO
PHYSIOLOGICALLY-RELEVANT? - T
REACTION-BALANCE-STATUS - :BALANCED
REACTION-DIRECTION - PHYSIOL-LEFT-TO-RIGHT
REACTION-LIST - RXN-21007
REACTION-LIST - RXN-21008
RIGHT - CPD-6956
RIGHT - CARBON-DIOXIDE
^COEFFICIENT - 2
RIGHT - CO-A
^COEFFICIENT - 3
