UNIQUE-ID - RXN-18049
TYPES - Chemical-Reactions
TYPES - Small-Molecule-Reactions
ATOM-MAPPINGS - (:NO-HYDROGEN-ENCODING (35 36 37 38 39 40 41 42 43 44 45 46 47 48 49 50 52 51 54 53 55 58 56 57 90 91 92 93 95 96 97 98 99 100 0 1 2 101 102 103 104 105 106 107 108 109 110 3 4 122 123 124 125 126 127 128 129 130 131 132 133 5 134 135 6 136 137 138 139 140 141 142 143 144 145 146 147 148 149 150 151 152 153 154 155 156 157 158 159 160 161 162 7 163 164 165 166 167 168 169 170 171 172 9 173 174 175 176 177 8 178 179 180 181 182 183 184 185 186 187 10 188 189 190 191 192 193 194 195 196 197 198 199 200 201 202 203 204 205 206 207 11 12 13 208 209 210 211 212 213 214 215 216 217 218 219 220 221 222 14 223 224 225 226 227 228 229 230 231 232 16 233 234 235 236 237 238 239 240 241 242 243 244 245 246 17 18 251 252 19 254 255 256 257 258 259 260 261 262 263 264 265 266 267 268 269 270 271 20 272 273 274 275 276 277 278 279 280 281 282 283 284 15 287 288 289 290 291 292 295 21 22 23 24 25 26 27 28 29 30 31 32 33 34 59 60 61 62 63 64 65 66 67 68 69 70 71 72 73 74 75 76 77 78 79 80 81 82 83 84 85 86 87 88 89 94 111 112 113 114 115 116 117 118 119 120 121 249 285 250 248 247 253 286 294 293) ((("12-DIACYL-3-O-ALPHA-D-GLUCOPYRANOSYL" 0 22) ("CPD-19330" 23 295)) (("Type-IV-LTA" 0 231) ("UNDECAPRENYL-DIPHOSPHATE" 232 295))))
CREDITS - SRI
CREDITS - caspi
EC-NUMBER - EC-2.7.8.M1
ENZYMATIC-REACTION - ENZRXN-25144
ENZYMATIC-REACTION - ENZRXN-25143
ENZYMATIC-REACTION - ENZRXN-25142
GIBBS-0 - 928.802    
IN-PATHWAY - PWY-7818
LEFT - CPD-19330
LEFT - 12-DIACYL-3-O-ALPHA-D-GLUCOPYRANOSYL
ORPHAN? - :NO
PHYSIOLOGICALLY-RELEVANT? - T
REACTION-BALANCE-STATUS - :BALANCED
REACTION-DIRECTION - PHYSIOL-LEFT-TO-RIGHT
RIGHT - Type-IV-LTA
RIGHT - UNDECAPRENYL-DIPHOSPHATE
RIGHT - PROTON
