UNIQUE-ID - RXN-12367
TYPES - Chemical-Reactions
TYPES - Small-Molecule-Reactions
ATOM-MAPPINGS - (:NO-HYDROGEN-ENCODING (0 1 2 3 4 5 6 7 8 9 10 11 12 13 14 15 16 17 18 19 20 21 22 23 24 25 26 27 28 29 30 31 32 33 34 35 36 37 38 39 40 41 42 43 112 44 45 46 47 48 49 50 51 52 53 54 119 132 136 144 149 165 169 177 178 179 58 191 193 60 61 62 63 64 65 66 67 68 69 70 71 72 73 74 75 76 77 78 79 80 81 82 83 84 85 86 87 88 89 90 91 92 93 94 95 96 97 98 99 100 101 102 103 104 105 106 107 108 109 110 111 113 114 115 116 117 118 120 121 122 123 124 125 126 127 128 129 130 131 133 134 135 137 138 139 140 141 142 143 145 146 147 148 150 151 152 153 154 155 156 157 158 159 160 161 162 163 164 166 167 168 170 171 172 173 56 57 55 174 175 176 180 181 182 183 184 185 186 187 188 189 190 59 192) (((CPD-9646 0 59) (CPD-13352 60 193)) ((CPD0-1189 0 68) (KDO2-LIPID-IVA 69 193))))
ATOM-MAPPINGS - (:NO-HYDROGEN-ENCODING (0 1 2 3 4 5 6 7 8 9 10 11 12 13 14 15 16 17 18 19 20 21 22 23 24 25 26 27 28 29 30 31 32 33 34 35 36 37 38 39 40 41 42 43 112 44 45 46 47 48 49 50 51 52 53 54 119 132 136 144 149 165 169 56 55 179 58 191 59 60 61 62 63 64 65 66 67 68 69 70 71 72 73 74 75 76 77 78 79 80 81 82 83 84 85 86 87 88 89 90 91 92 93 94 95 96 97 98 99 100 101 102 103 104 105 106 107 108 109 110 111 113 114 115 116 117 118 120 121 122 123 124 125 126 127 128 129 130 131 133 134 135 137 138 139 140 141 142 143 145 146 147 148 150 151 152 153 154 155 156 157 158 159 160 161 162 163 164 166 167 168 170 171 172 173 177 57 178 174 176 175 180 181 182 183 184 185 186 187 188 189 190 193 192) (((CPD-9646 0 59) (CPD-13352 60 193)) ((CPD0-1189 0 68) (KDO2-LIPID-IVA 69 193))))
CREDITS - SRI
CREDITS - caspi
DBLINKS - (METANETX-RXN "MNXR117504" NIL |kothari| 3789143036 NIL NIL)
EC-NUMBER - EC-2.4.2.43
^OFFICIAL? - T
GIBBS-0 - 4.993042    
LEFT - KDO2-LIPID-IVA
LEFT - CPD0-1189
ORPHAN? - :NO
PHYSIOLOGICALLY-RELEVANT? - T
REACTION-BALANCE-STATUS - :BALANCED
REACTION-DIRECTION - PHYSIOL-LEFT-TO-RIGHT
RIGHT - CPD-13352
RIGHT - CPD-9646
RXN-LOCATIONS - CCO-PERI-BAC
