UNIQUE-ID - RXN-11338
TYPES - Chemical-Reactions
TYPES - Small-Molecule-Reactions
ATOM-MAPPINGS - (:NO-HYDROGEN-ENCODING (0 1 2 3 4 5 6 7 8 9 10 11 12 13 14 15 16 166 165 164 17 19 161 162 20 21 167 163 169 22 168 23 24 25 26 27 28 29 30 31 32 33 34 35 36 37 38 39 40 41 42 43 44 45 46 47 48 49 50 51 52 53 54 55 56 57 58 59 60 61 62 63 64 65 66 67 68 69 70 71 72 73 74 75 76 77 78 79 80 81 82 83 84 85 86 87 88 89 90 91 92 93 94 95 96 97 98 99 100 101 102 103 104 105 106 107 108 109 110 111 113 114 115 116 117 118 112 119 120 121 123 124 125 126 127 128 129 130 131 132 133 134 135 136 137 138 139 141 142 143 144 145 146 147 140 18 148 149 150 151 152 153 154 155 156 157 158 159 160 122) ((("AMP" 0 22) ("CPD-12295" 23 160) ("PPI" 161 169)) (("ATP" 0 30) ("CPD-12302" 31 168) ("AMMONIUM" 169 169))))
ATOM-MAPPINGS - (:NO-HYDROGEN-ENCODING (0 1 2 3 4 5 6 7 8 9 10 11 12 13 14 15 16 166 165 164 17 19 161 162 20 21 167 18 169 22 168 23 24 25 26 27 28 29 30 31 32 33 34 35 36 37 38 39 40 41 42 43 44 45 46 47 48 49 50 51 52 53 54 55 56 57 58 59 60 61 62 63 64 65 66 67 68 69 70 71 72 73 74 75 76 77 78 79 80 81 82 83 84 85 86 87 88 89 90 91 92 93 94 95 96 97 98 99 100 101 102 103 104 105 106 107 108 109 110 111 113 114 115 116 117 118 112 119 120 121 123 124 125 126 127 128 129 130 131 132 133 134 135 136 137 138 139 141 142 143 144 145 146 147 140 163 148 149 150 151 152 153 154 155 156 157 158 159 160 122) ((("AMP" 0 22) ("CPD-12295" 23 160) ("PPI" 161 169)) (("ATP" 0 30) ("CPD-12302" 31 168) ("AMMONIUM" 169 169))))
CREDITS - O-23
CREDITS - armendarez
DBLINKS - (METANETX-RXN "MNXR116863" NIL |kothari| 3789143028 NIL NIL)
EC-NUMBER - EC-6.3.1
ENZYMATIC-REACTION - ENZRXN-17648
GIBBS-0 - -12.503662    
IN-PATHWAY - PWY-6461
LEFT - CPD-12302
LEFT - AMMONIUM
LEFT - ATP
ORPHAN? - :NO
PHYSIOLOGICALLY-RELEVANT? - T
REACTION-BALANCE-STATUS - :BALANCED
REACTION-DIRECTION - PHYSIOL-LEFT-TO-RIGHT
RIGHT - PROTON
RIGHT - CPD-12295
RIGHT - AMP
RIGHT - PPI
