UNIQUE-ID - RXN-5469
TYPES - Chemical-Reactions
TYPES - Small-Molecule-Reactions
ATOM-MAPPINGS - (:NO-HYDROGEN-ENCODING (0 1 2 3 4 5 6 7 8 9 10 11 12 13 14 15 16 17 18 19 20 21 22 23 24 25 26 27 28 29 30 31 32 33 34 35 36 37 38 39 40 41 42 43 44 45 46 47 48 49 50 51 52 53 54 55 56 57 58 59 60 61 62 63 64 65 69 67 68 70 71 72 73 74 76 75 77 78 79 80 81 82 83 84 85 86 87 88 89 90 91 92 93 94 98 96 97 99 100 101 102 103 104 105 106 107 111 109 110 112 113 114 115 116 117 118 122 120 121 123 124 125 135 127 128 129 130 131 132 133 134 136 137 138 139 140 146 141 143 144 145 147 148 149 150 151 155 153 154 156 157 158 159 160 161 162 166 164 165 167 168 169 170 171 172 173 177 175 176 178 179 180 208 182 183 184 185 186 187 188 189 191 190 192 196 194 195 197 198 199 200 201 202 203 204 205 206 207 209 210 211 212 213 214 215 216 217 218 219 220 221 222 223 224 225 226 227 228 229 230 231 232 233 234 235 236 237 238 239 240 241 242 243 244 245 246 247 248 249 250 251 252 253 254 255 256 257 258 259 260 261 262 263 264 265 266 267 268 269 270 271 272 273 274 275 276 277 278 279 66 280 281 282 283 284 285 286 287 288 289 290 291 292 293 294 295 95 108 119 126 142 152 163 174 181 296 298 299 193 297 300) (((CPD-5168 0 215) (DOLICHOLP 216 300)) ((CPD-5167 0 204) (CPD-171 205 300))))
CREDITS - SRI
CREDITS - caspi
DBLINKS - (METANETX-RXN "MNXR121814" NIL |kothari| 3789143036 NIL NIL)
DBLINKS - (LIGAND-RXN "R06261" NIL |kr| 3650824949 NIL NIL)
DBLINKS - (RHEA "29542" NIL |kothari| 3571758023 NIL NIL)
EC-NUMBER - EC-2.4.1.261
^OFFICIAL? - T
ENZYMATIC-REACTION - ENZRXN-13170
GIBBS-0 - 7.52124    
IN-PATHWAY - MANNOSYL-CHITO-DOLICHOL-BIOSYNTHESIS
LEFT - CPD-171
LEFT - CPD-5167
ORPHAN? - :NO
PHYSIOLOGICALLY-RELEVANT? - T
REACTION-BALANCE-STATUS - :BALANCED
REACTION-DIRECTION - PHYSIOL-LEFT-TO-RIGHT
RIGHT - CPD-5168
RIGHT - DOLICHOLP
RIGHT - PROTON
RXN-LOCATIONS - CCO-RGH-ER-LUM
