UNIQUE-ID - RXN-11350
TYPES - Chemical-Reactions
TYPES - Small-Molecule-Reactions
ATOM-MAPPINGS - :CURATED
ATOM-MAPPINGS - (:NO-HYDROGEN-ENCODING (0 1 2 3 4 5 6 7 8 9 10 11 13 15 17 19 21 23 25 27 28 29 30 31 32 33 34 35 36 37 38 39 40 41 42 43 44 45 46 47 48 49 50 51 52 53 54 55 56 57 59 61 63 64 66 67 69 71 73 74 75 76 77 78 79 80 81 82 83 84 86 88 90 92 94 96 98 100 102 104 106 108 110 112 114 118 117 120 122 124 126 128 130 132 134 136 138 140 142 144 146 148 150 152 154 156 158 160 162 164 166 168 170 172 174 205 177 179 181 183 185 187 189 193 192 194 195 196 197 198 200 202 204 207 208 209 210 211 212 213 214 215 216 217 218 219 220 221 222 223 12 14 16 18 20 22 24 26 224 225 226 227 228 229 230 231 232 233 234 235 236 237 238 239 240 241 242 243 244 245 246 247 248 249 250 251 252 253 58 60 62 254 65 255 68 70 72 256 257 258 259 260 261 262 263 264 265 266 85 87 89 91 93 95 97 99 101 103 105 107 109 111 113 115 116 119 121 123 125 127 129 131 133 135 137 139 141 143 145 147 149 151 153 155 157 159 161 163 165 167 169 171 173 175 176 178 180 182 184 186 188 191 190 271 270 269 268 272 199 201 203 206 267 273 275 274) ((("CPD-12310" 0 211) ("UNDECAPRENYL-DIPHOSPHATE" 212 275)) ((("CPD-12295" 1) 0 137) (("CPD-12295" 2) 138 275))))
CREDITS - SRI
CREDITS - caspi
DBLINKS - (METANETX-RXN "MNXR143807" NIL |kothari| 3789143035 NIL NIL)
EC-NUMBER - EC-2.4.1.129
^OFFICIAL? - NIL
GIBBS-0 - 6.897705    
IN-PATHWAY - PWY-6471
LEFT - CPD-12295
^COEFFICIENT - 2
ORPHAN? - :NO
PHYSIOLOGICALLY-RELEVANT? - T
REACTION-BALANCE-STATUS - :BALANCED
REACTION-DIRECTION - LEFT-TO-RIGHT
RIGHT - PROTON
RIGHT - CPD-12310
RIGHT - UNDECAPRENYL-DIPHOSPHATE
