UNIQUE-ID - RXN0-5125
TYPES - Chemical-Reactions
TYPES - Small-Molecule-Reactions
ATOM-MAPPINGS - (:NO-HYDROGEN-ENCODING (0 1 2 3 4 5 6 7 8 9 10 11 12 13 14 15 16 17 18 19 20 21 22 23 24 25 26 27 28 29 30 31 32 33 34 35 36 37 38 39 40 41 42 43 44 45 46 47 48 49 50 51 52 53 54 55 56 57 58 59 60 61 62 63 64 65 66 67 68 69 70 71 72 73 74 75 76 77 78 224 79 81 80 82 83 84 85 86 87 88 89 90 91 92 93 94 226 96 95 97 98 99 100 101 102 103 104 105 106 107 229 109 108 110 231 112 113 114 115 233 116 117 118 119 120 121 122 123 124 125 126 127 111 128 129 130 131 132 133 134 135 235 136 137 138 139 140 141 142 143 144 145 146 147 148 149 239 150 151 152 153 154 155 156 157 158 159 160 161 162 163 164 165 241 167 166 168 243 170 171 172 173 245 174 175 176 177 178 179 180 181 182 183 184 186 185 189 188 187 190 192 191 193 194 195 196 197 198 199 253 200 201 202 203 204 205 206 207 208 169 209 210 211 212 213 214 215 216 217 218 219 220 221 222 223 225 227 228 230 232 234 236 237 238 240 242 244 246 249 254 250 247 248 251 252 255 257 256) ((("CPD0-936" 0 221) ("CPD-12575" 222 257)) (("CPD0-937" 0 232) ("UDP" 233 257))))
DBLINKS - (METANETX-RXN "MNXR144136" NIL |kothari| 3789143028 NIL NIL)
DBLINKS - (RHEA "30004" NIL |kothari| 3709310381 NIL NIL)
EC-NUMBER - EC-2.4.1.73
^OFFICIAL? - T
ENZYMATIC-REACTION - ENZRXN0-6227
GIBBS-0 - 6.897217    
IN-PATHWAY - LIPA-CORESYN-PWY
LEFT - CPD-12575
LEFT - CPD0-936
ORPHAN? - :NO
PHYSIOLOGICALLY-RELEVANT? - T
REACTION-BALANCE-STATUS - :BALANCED
REACTION-DIRECTION - PHYSIOL-LEFT-TO-RIGHT
RIGHT - CPD0-937
RIGHT - UDP
RIGHT - PROTON
