UNIQUE-ID - RXN0-5123
TYPES - Chemical-Reactions
TYPES - Small-Molecule-Reactions
ATOM-MAPPINGS - (:NO-HYDROGEN-ENCODING (0 1 2 3 4 5 6 7 8 9 10 11 12 13 14 15 16 206 207 205 20 21 17 19 22 23 18 24 236 26 25 27 28 29 30 31 32 33 34 35 36 37 38 39 40 41 42 43 44 45 46 47 48 49 50 51 52 53 54 55 56 57 58 59 60 61 62 63 64 65 66 67 68 69 70 71 72 73 74 75 76 77 78 79 80 81 82 83 84 85 86 87 88 89 90 91 92 93 94 95 96 97 98 99 100 101 102 103 104 105 106 107 108 109 110 111 112 113 114 115 116 117 118 119 120 121 122 123 124 125 126 127 128 129 130 131 132 133 134 135 136 137 138 153 140 139 141 144 142 143 145 146 147 148 149 151 150 152 154 155 156 157 159 158 160 161 162 163 164 165 166 167 168 169 170 171 172 173 174 175 176 177 178 179 180 181 182 183 184 185 186 187 188 189 190 191 192 232 194 193 195 196 197 198 199 201 200 202 204 203 208 210 209 211 212 213 214 215 216 217 218 219 220 221 223 222 224 225 226 227 228 229 230 231 233 234 235 237) ((("ADP" 0 26) ("CPD0-935" 27 237)) (("ATP" 0 30) ("CPD0-934" 31 237))))
DBLINKS - (METANETX-RXN "MNXR123201" NIL |kothari| 3789143037 NIL NIL)
DBLINKS - (RHEA "29932" NIL |kothari| 3709310381 NIL NIL)
EC-NUMBER - EC-2.7.1
ENZYMATIC-REACTION - ENZRXN0-6225
GIBBS-0 - -24.801758    
IN-PATHWAY - LIPA-CORESYN-PWY
LEFT - CPD0-934
LEFT - ATP
ORPHAN? - :NO
PHYSIOLOGICALLY-RELEVANT? - T
REACTION-BALANCE-STATUS - :BALANCED
REACTION-DIRECTION - LEFT-TO-RIGHT
RIGHT - PROTON
RIGHT - CPD0-935
RIGHT - ADP
