UNIQUE-ID - RXN0-5124
TYPES - Chemical-Reactions
TYPES - Small-Molecule-Reactions
ATOM-MAPPINGS - (:NO-HYDROGEN-ENCODING (0 1 2 3 4 5 6 7 8 9 10 11 12 13 14 15 16 17 18 19 20 21 22 23 24 25 26 27 28 29 30 31 32 33 34 35 36 37 38 39 40 41 42 43 44 45 46 47 48 49 50 51 52 53 54 55 56 57 58 59 60 61 62 63 64 65 66 67 68 69 70 71 72 73 74 75 76 77 213 79 78 80 81 82 83 84 85 86 87 88 89 90 91 92 215 93 94 95 96 97 98 99 100 101 102 103 104 218 105 106 220 107 108 109 222 110 111 112 113 114 115 116 117 118 119 120 121 122 123 124 125 126 127 128 224 129 130 131 132 133 134 135 136 137 138 139 140 141 142 228 144 145 146 147 148 149 150 151 152 153 154 155 156 157 158 230 159 160 232 161 162 163 234 164 165 166 167 168 169 170 171 172 174 173 175 177 176 180 179 178 181 182 183 184 185 143 186 187 188 242 190 189 191 192 193 194 195 196 197 198 199 200 201 202 203 204 205 206 207 208 209 210 211 212 214 216 217 219 221 223 225 226 227 229 231 233 235 238 243 239 236 237 240 241 244 246 245) ((("CPD0-935" 0 210) ("CPD-14553" 211 246)) (("CPD0-936" 0 221) ("UDP" 222 246))))
DBLINKS - (METANETX-RXN "MNXR123202" NIL |kothari| 3789143037 NIL NIL)
DBLINKS - (RHEA "29960" NIL |kothari| 3709310381 NIL NIL)
EC-NUMBER - EC-2.4.1.44
^OFFICIAL? - T
ENZYMATIC-REACTION - ENZRXN0-6226
GIBBS-0 - 6.8980103    
IN-PATHWAY - LIPA-CORESYN-PWY
LEFT - CPD-14553
LEFT - CPD0-935
ORPHAN? - :NO
PHYSIOLOGICALLY-RELEVANT? - T
REACTION-BALANCE-STATUS - :BALANCED
REACTION-DIRECTION - PHYSIOL-LEFT-TO-RIGHT
RIGHT - CPD0-936
RIGHT - UDP
RIGHT - PROTON
