UNIQUE-ID - RXN0-5121
TYPES - Chemical-Reactions
TYPES - Small-Molecule-Reactions
ATOM-MAPPINGS - (:NO-HYDROGEN-ENCODING (0 1 2 3 4 5 6 7 8 9 10 11 12 13 14 15 16 192 194 193 20 21 17 19 22 23 18 24 219 26 25 27 28 29 30 31 32 33 34 35 36 37 38 39 40 41 42 43 44 45 46 47 48 49 50 51 52 53 54 55 56 57 58 59 60 61 62 63 64 65 66 67 68 69 70 71 72 73 74 75 76 77 78 79 80 81 82 83 84 85 86 87 88 89 90 91 92 93 94 95 96 97 98 99 100 103 101 102 104 105 106 107 108 109 110 111 112 115 113 114 116 117 118 119 120 121 122 123 124 125 126 127 128 129 130 131 132 133 134 147 136 135 139 137 138 140 141 142 143 144 145 146 148 149 150 152 151 153 154 155 156 157 158 161 159 160 162 163 164 165 166 169 167 168 170 171 172 173 174 175 176 177 178 179 180 181 182 216 184 183 185 186 187 188 189 191 190 195 197 196 198 199 200 201 202 203 204 205 206 208 207 209 210 211 212 213 214 215 217 218 220) ((("ADP" 0 26) ("CPD0-933" 27 220)) (("ATP" 0 30) ("CPD0-932" 31 220))))
DBLINKS - (METANETX-RXN "MNXR140930" NIL |kothari| 3789143037 NIL NIL)
DBLINKS - (RHEA "29920" NIL |kothari| 3709310381 NIL NIL)
EC-NUMBER - EC-2.7.1
ENZYMATIC-REACTION - ENZRXN0-6223
GIBBS-0 - -22.305237    
IN-PATHWAY - LIPA-CORESYN-PWY
LEFT - CPD0-932
LEFT - ATP
ORPHAN? - :NO
PHYSIOLOGICALLY-RELEVANT? - T
REACTION-BALANCE-STATUS - :BALANCED
REACTION-DIRECTION - LEFT-TO-RIGHT
RIGHT - PROTON
RIGHT - CPD0-933
RIGHT - ADP
