UNIQUE-ID - RXN0-5120
TYPES - Chemical-Reactions
TYPES - Small-Molecule-Reactions
ATOM-MAPPINGS - (:NO-HYDROGEN-ENCODING (0 1 2 3 4 5 6 7 8 9 10 11 12 13 14 15 16 17 18 19 20 21 22 23 24 25 26 27 28 29 30 31 32 33 34 35 36 37 38 39 40 41 42 43 44 45 46 47 48 49 50 51 52 53 54 55 56 57 58 59 60 61 62 63 64 65 66 67 68 69 70 71 72 73 75 74 76 77 181 78 79 80 81 82 83 84 86 85 87 88 89 183 90 91 92 93 94 95 96 97 98 99 100 186 101 188 190 103 105 106 104 108 107 109 110 111 112 113 114 102 115 116 117 192 119 118 120 121 122 123 124 125 127 126 128 129 196 130 131 132 134 133 135 136 137 138 139 140 141 142 143 198 144 200 202 146 148 149 147 150 151 152 153 154 156 155 157 159 158 160 161 162 163 210 164 165 166 167 169 168 170 145 171 172 173 174 175 176 177 178 179 180 182 184 185 187 189 191 193 194 195 197 199 201 203 206 211 207 204 205 208 209 212 214 213) ((("CPD0-930" 0 178) ("CPD-12575" 179 214)) (("CPD0-932" 0 189) ("UDP" 190 214))))
DBLINKS - (METANETX-RXN "MNXR141300" NIL |kothari| 3789143035 NIL NIL)
DBLINKS - (RHEA "29916" NIL |kothari| 3709310381 NIL NIL)
EC-NUMBER - EC-2.4.1
ENZYMATIC-REACTION - ENZRXN0-6222
GIBBS-0 - 6.8977356    
IN-PATHWAY - LIPA-CORESYN-PWY
LEFT - CPD-12575
LEFT - CPD0-930
ORPHAN? - :NO
PHYSIOLOGICALLY-RELEVANT? - T
REACTION-BALANCE-STATUS - :BALANCED
REACTION-DIRECTION - LEFT-TO-RIGHT
RIGHT - PROTON
RIGHT - CPD0-932
RIGHT - UDP
