UNIQUE-ID - RXN0-5127
TYPES - Chemical-Reactions
TYPES - Small-Molecule-Reactions
ATOM-MAPPINGS - (:NO-HYDROGEN-ENCODING (27 28 29 30 31 32 33 34 35 36 37 38 39 40 41 42 43 44 45 46 47 48 49 50 51 52 53 54 55 56 57 58 59 60 61 62 63 64 65 66 67 68 69 70 71 72 73 74 75 76 77 78 79 80 81 82 83 84 85 86 87 88 89 90 91 92 93 94 95 96 97 98 99 100 101 103 104 105 106 109 107 108 110 111 112 113 114 115 116 117 118 120 121 122 123 124 125 127 126 128 129 130 131 132 133 134 135 136 137 138 139 140 142 141 143 144 145 146 147 149 150 152 153 155 156 157 158 159 161 162 163 164 165 166 167 168 169 170 171 172 173 174 175 176 177 178 180 181 182 183 184 185 186 187 188 189 190 191 193 194 195 196 252 197 198 199 200 201 203 204 205 206 207 208 209 210 211 212 213 214 216 215 217 218 219 220 221 223 224 226 227 229 230 231 232 233 234 235 236 237 238 239 240 242 241 245 244 243 246 247 248 249 250 251 253 254 255 256 259 257 258 260 261 262 263 264 266 267 268 269 270 271 272 273 274 275 276 277 278 279 280 281 282 283 102 0 1 2 119 3 4 5 148 151 6 154 160 7 8 9 179 10 11 12 13 14 192 202 15 222 225 16 228 20 21 17 19 22 23 265 18 24 26 25) ((("ADP" 0 26) ("CPD-21359" 27 283)) (("CPD0-938" 0 243) ("ADP-L-GLYCERO-D-MANNO-HEPTOSE" 244 283))))
DBLINKS - (METANETX-RXN "MNXR123205" NIL |kothari| 3789143037 NIL NIL)
DBLINKS - (RHEA "30020" NIL |kothari| 3709310381 NIL NIL)
EC-NUMBER - EC-2.4.1.M47
^OFFICIAL? - T
GIBBS-0 - 52.63678    
IN-PATHWAY - LIPA-CORESYN-PWY
LEFT - ADP-L-GLYCERO-D-MANNO-HEPTOSE
LEFT - CPD0-938
ORPHAN? - :NO
PHYSIOLOGICALLY-RELEVANT? - T
REACTION-BALANCE-STATUS - :BALANCED
REACTION-DIRECTION - PHYSIOL-LEFT-TO-RIGHT
RIGHT - CPD-21359
RIGHT - ADP
RIGHT - PROTON
