UNIQUE-ID - RXN0-5126
TYPES - Chemical-Reactions
TYPES - Small-Molecule-Reactions
ATOM-MAPPINGS - (:NO-HYDROGEN-ENCODING (0 1 2 3 4 5 6 7 8 9 10 11 12 13 14 15 16 17 18 19 20 21 22 23 24 25 26 27 28 29 30 31 32 33 34 35 36 37 38 39 40 41 42 43 44 45 46 47 48 49 50 51 52 53 54 55 56 57 58 59 60 61 62 63 64 65 66 67 68 69 70 71 72 73 74 75 76 77 78 235 79 80 81 82 83 84 85 86 87 88 89 90 91 92 93 94 95 237 96 97 98 99 100 101 102 103 104 105 106 107 108 109 240 110 111 112 113 242 115 114 116 117 118 244 120 121 122 123 124 125 126 127 128 129 130 131 132 133 134 119 135 136 137 138 139 140 246 142 143 144 141 145 146 147 148 149 150 151 152 153 154 155 250 156 157 158 159 160 161 162 163 164 165 166 167 168 169 170 171 172 252 173 174 175 176 254 178 177 179 180 181 256 183 184 185 186 187 188 189 190 192 191 193 195 194 198 197 196 199 200 201 202 203 204 205 206 207 208 264 209 210 211 212 213 214 215 216 217 218 219 220 221 182 222 223 224 225 226 227 228 229 230 231 232 233 234 236 238 239 241 243 245 247 248 249 251 253 255 257 260 265 261 258 259 262 263 266 268 267) ((("CPD0-937" 0 232) ("CPD-12575" 233 268)) (("CPD0-938" 0 243) ("UDP" 244 268))))
DBLINKS - (METANETX-RXN "MNXR141302" NIL |kothari| 3789143037 NIL NIL)
EC-NUMBER - EC-2.4.1.58
^OFFICIAL? - T
ENZYMATIC-REACTION - ENZRXN0-6228
GIBBS-0 - 6.897583    
IN-PATHWAY - LIPA-CORESYN-PWY
LEFT - CPD-12575
LEFT - CPD0-937
ORPHAN? - :NO
PHYSIOLOGICALLY-RELEVANT? - T
REACTION-BALANCE-STATUS - :BALANCED
REACTION-DIRECTION - PHYSIOL-LEFT-TO-RIGHT
RIGHT - CPD0-938
RIGHT - UDP
RIGHT - PROTON
