UNIQUE-ID - RXN1G-4142
TYPES - Protein-Modification-Reactions
COMMON-NAME - cis-keto-C60-meroacyl-[acp] synthetase
ATOM-MAPPINGS - (:NO-HYDROGEN-ENCODING (62 0 61 1 2 3 4 5 6 7 8 9 10 11 12 13 14 15 16 17 18 19 20 21 22 23 24 25 26 27 28 29 30 31 32 33 34 35 36 37 38 39 40 41 42 43 44 45 46 47 48 49 50 51 59 91 92 93 52 53 60 54 94 55 95 96 97 98 99 100 101 102 103 104 105 56 57 106 107 111 112 115 116 118 120 64 63 65 66 67 68 69 70 71 72 73 74 75 76 77 78 79 80 58 81 82 83 84 85 86 87 88 89 90 113 122 114 110 109 108 117 121 119) ((("cis-21-CP-39-keto-40-Me-C60-ACPs" 0 90) ("ATP" 91 121) ("WATER" 122 122)) (("CPD1G-360" 0 84) ("ACP" 85 113) ("PPI" 114 122))))
ATOM-MAPPINGS - (:NO-HYDROGEN-ENCODING (62 0 61 1 2 3 4 5 6 7 8 9 10 11 12 13 14 15 16 17 18 19 20 21 22 23 24 25 26 27 28 29 30 31 32 33 34 35 36 37 38 39 40 41 42 43 44 45 46 47 48 49 50 51 59 91 92 93 52 53 60 54 94 55 95 96 97 98 99 100 101 102 103 104 105 56 57 106 107 111 112 115 116 122 120 64 63 65 66 67 68 69 70 71 72 73 74 75 76 77 78 79 80 58 81 82 83 84 85 86 87 88 89 90 113 118 114 110 109 108 117 121 119) ((("cis-21-CP-39-keto-40-Me-C60-ACPs" 0 90) ("ATP" 91 121) ("WATER" 122 122)) (("CPD1G-360" 0 84) ("ACP" 85 113) ("PPI" 114 122))))
ATOM-MAPPINGS - (:NO-HYDROGEN-ENCODING (62 0 61 1 2 3 4 5 6 7 8 9 10 11 12 13 14 15 16 17 18 19 20 21 22 23 24 25 26 27 28 29 30 31 32 33 34 35 36 37 38 39 40 41 42 43 44 45 46 47 48 49 50 51 59 91 92 93 52 53 60 54 94 55 95 96 97 98 99 100 101 102 103 104 105 56 57 106 107 111 122 115 116 112 120 63 64 65 66 67 68 69 70 71 72 73 74 75 76 77 78 79 80 58 81 82 83 84 85 86 87 88 89 90 113 114 118 110 109 108 117 121 119) ((("cis-21-CP-39-keto-40-Me-C60-ACPs" 0 90) ("ATP" 91 121) ("WATER" 122 122)) (("CPD1G-360" 0 84) ("ACP" 85 113) ("PPI" 114 122))))
ATOM-MAPPINGS - (:NO-HYDROGEN-ENCODING (62 0 61 1 2 3 4 5 6 7 8 9 10 11 12 13 14 15 16 17 18 19 20 21 22 23 24 25 26 27 28 29 30 31 32 33 34 35 36 37 38 39 40 41 42 43 44 45 46 47 48 49 50 51 59 91 92 93 52 53 60 54 94 55 95 96 97 98 99 100 101 102 103 104 105 56 57 106 107 111 118 115 116 112 120 63 64 65 66 67 68 69 70 71 72 73 74 75 76 77 78 79 80 58 81 82 83 84 85 86 87 88 89 90 113 122 114 110 109 108 117 121 119) ((("cis-21-CP-39-keto-40-Me-C60-ACPs" 0 90) ("ATP" 91 121) ("WATER" 122 122)) (("CPD1G-360" 0 84) ("ACP" 85 113) ("PPI" 114 122))))
DBLINKS - (METANETX-RXN "MNXR123567" NIL |kothari| 3789143035 NIL NIL)
EC-NUMBER - EC-6.2.1
ENZYMATIC-REACTION - ENZRXN1G-4619
GIBBS-0 - 1119.1782    
IN-PATHWAY - PWYG-321
LEFT - cis-21-CP-39-keto-40-Me-C60-ACPs
LEFT - ATP
LEFT - WATER
ORPHAN? - :NO
PHYSIOLOGICALLY-RELEVANT? - T
REACTION-BALANCE-STATUS - :BALANCED
REACTION-DIRECTION - PHYSIOL-LEFT-TO-RIGHT
RIGHT - CPD1G-360
RIGHT - PPI
RIGHT - ACP
