UNIQUE-ID - RXN1G-4141
TYPES - Protein-Modification-Reactions
COMMON-NAME - trans-methoxy-C60-meroacyl-[acp] synthetase
ATOM-MAPPINGS - (:NO-HYDROGEN-ENCODING (1 60 0 62 2 3 4 5 6 7 8 9 28 27 31 25 30 32 34 29 23 35 33 26 37 21 38 36 24 40 19 41 39 22 43 17 44 42 20 46 15 47 45 18 49 13 50 48 16 52 11 53 51 61 91 92 93 14 55 10 12 56 94 54 95 96 97 98 99 100 101 102 103 104 105 57 106 107 111 112 58 115 116 118 120 64 63 65 66 67 68 69 70 71 72 73 74 75 76 77 78 79 80 59 81 82 83 84 85 86 87 88 89 90 113 114 122 109 110 108 117 121 119) ((("trans-18-CP-37-Mex-38-Me-C60-ACPs" 0 90) ("ATP" 91 121) ("WATER" 122 122)) (("CPD1G-252" 0 84) ("ACP" 85 113) ("PPI" 114 122))))
ATOM-MAPPINGS - (:NO-HYDROGEN-ENCODING (1 60 0 62 2 3 4 5 6 7 8 9 28 27 31 25 30 32 34 29 23 35 33 26 37 21 38 36 24 40 19 41 39 22 43 17 44 42 20 46 15 47 45 18 49 13 50 48 16 52 11 53 51 61 91 92 93 14 55 10 12 56 94 54 95 96 97 98 99 100 101 102 103 104 105 57 106 107 111 112 58 115 116 122 120 64 63 65 66 67 68 69 70 71 72 73 74 75 76 77 78 79 80 59 81 82 83 84 85 86 87 88 89 90 113 114 118 109 110 108 117 121 119) ((("trans-18-CP-37-Mex-38-Me-C60-ACPs" 0 90) ("ATP" 91 121) ("WATER" 122 122)) (("CPD1G-252" 0 84) ("ACP" 85 113) ("PPI" 114 122))))
ATOM-MAPPINGS - (:NO-HYDROGEN-ENCODING (1 60 0 62 2 3 4 5 6 7 8 9 28 27 31 25 30 32 34 29 23 35 33 26 37 21 38 36 24 40 19 41 39 22 43 17 44 42 20 46 15 47 45 18 49 13 50 48 16 52 11 53 51 61 91 92 93 14 55 10 12 56 94 54 95 96 97 98 99 100 101 102 103 104 105 57 106 107 111 122 58 115 116 112 120 64 63 65 66 67 68 69 70 71 72 73 74 75 76 77 78 79 80 59 81 82 83 84 85 86 87 88 89 90 113 114 118 109 110 108 117 121 119) ((("trans-18-CP-37-Mex-38-Me-C60-ACPs" 0 90) ("ATP" 91 121) ("WATER" 122 122)) (("CPD1G-252" 0 84) ("ACP" 85 113) ("PPI" 114 122))))
ATOM-MAPPINGS - (:NO-HYDROGEN-ENCODING (1 60 0 62 2 3 4 5 6 7 8 9 28 27 31 25 30 32 34 29 23 35 33 26 37 21 38 36 24 40 19 41 39 22 43 17 44 42 20 46 15 47 45 18 49 13 50 48 16 52 11 53 51 61 91 92 93 14 55 10 12 56 94 54 95 96 97 98 99 100 101 102 103 104 105 57 106 107 111 118 58 115 116 112 120 64 63 65 66 67 68 69 70 71 72 73 74 75 76 77 78 79 80 59 81 82 83 84 85 86 87 88 89 90 113 114 122 109 110 108 117 121 119) ((("trans-18-CP-37-Mex-38-Me-C60-ACPs" 0 90) ("ATP" 91 121) ("WATER" 122 122)) (("CPD1G-252" 0 84) ("ACP" 85 113) ("PPI" 114 122))))
DBLINKS - (METANETX-RXN "MNXR123566" NIL |kothari| 3789143035 NIL NIL)
EC-NUMBER - EC-6.2.1
ENZYMATIC-REACTION - ENZRXN1G-4618
GIBBS-0 - 1139.7203    
IN-PATHWAY - PWYG-321
LEFT - trans-18-CP-37-Mex-38-Me-C60-ACPs
LEFT - ATP
LEFT - WATER
ORPHAN? - :NO
PHYSIOLOGICALLY-RELEVANT? - T
REACTION-BALANCE-STATUS - :BALANCED
REACTION-DIRECTION - PHYSIOL-LEFT-TO-RIGHT
RIGHT - CPD1G-252
RIGHT - PPI
RIGHT - ACP
