UNIQUE-ID - RXN1G-4140
TYPES - Protein-Modification-Reactions
COMMON-NAME - cis-methoxy-C59-meroacyl-[acp] synthetase
ATOM-MAPPINGS - (:NO-HYDROGEN-ENCODING (0 1 2 3 4 5 6 7 8 9 10 11 12 13 14 15 16 17 18 19 20 21 22 23 24 25 26 27 28 29 30 31 32 33 34 35 36 37 38 39 40 41 42 43 44 45 46 47 48 49 50 51 52 53 90 91 92 54 55 56 57 93 58 94 95 96 97 98 99 100 101 102 103 104 59 105 106 110 111 60 114 115 117 119 63 62 64 65 66 67 68 69 70 71 72 73 74 75 76 77 78 79 61 80 81 82 83 84 85 86 87 88 89 112 113 121 109 108 107 116 120 118) ((("cis-19-CP-37-Mex-38-Me-C59-ACPs" 0 89) ("ATP" 90 120) ("WATER" 121 121)) (("CPD1G-204" 0 83) ("ACP" 84 112) ("PPI" 113 121))))
ATOM-MAPPINGS - (:NO-HYDROGEN-ENCODING (0 1 2 3 4 5 6 7 8 9 10 11 12 13 14 15 16 17 18 19 20 21 22 23 24 25 26 27 28 29 30 31 32 33 34 35 36 37 38 39 40 41 42 43 44 45 46 47 48 49 50 51 52 53 90 91 92 54 55 56 57 93 58 94 95 96 97 98 99 100 101 102 103 104 59 105 106 110 111 60 114 115 121 119 63 62 64 65 66 67 68 69 70 71 72 73 74 75 76 77 78 79 61 80 81 82 83 84 85 86 87 88 89 112 113 117 109 108 107 116 120 118) ((("cis-19-CP-37-Mex-38-Me-C59-ACPs" 0 89) ("ATP" 90 120) ("WATER" 121 121)) (("CPD1G-204" 0 83) ("ACP" 84 112) ("PPI" 113 121))))
ATOM-MAPPINGS - (:NO-HYDROGEN-ENCODING (0 1 2 3 4 5 6 7 8 9 10 11 12 13 14 15 16 17 18 19 20 21 22 23 24 25 26 27 28 29 30 31 32 33 34 35 36 37 38 39 40 41 42 43 44 45 46 47 48 49 50 51 52 53 90 91 92 54 55 56 57 93 58 94 95 96 97 98 99 100 101 102 103 104 59 105 106 110 117 60 114 115 111 119 63 62 64 65 66 67 68 69 70 71 72 73 74 75 76 77 78 79 61 80 81 82 83 84 85 86 87 88 89 112 121 113 109 108 107 116 120 118) ((("cis-19-CP-37-Mex-38-Me-C59-ACPs" 0 89) ("ATP" 90 120) ("WATER" 121 121)) (("CPD1G-204" 0 83) ("ACP" 84 112) ("PPI" 113 121))))
ATOM-MAPPINGS - (:NO-HYDROGEN-ENCODING (0 1 2 3 4 5 6 7 8 9 10 11 12 13 14 15 16 17 18 19 20 21 22 23 24 25 26 27 28 29 30 31 32 33 34 35 36 37 38 39 40 41 42 43 44 45 46 47 48 49 50 51 52 53 90 91 92 54 55 56 57 93 58 94 95 96 97 98 99 100 101 102 103 104 59 105 106 110 121 60 114 115 111 119 63 62 64 65 66 67 68 69 70 71 72 73 74 75 76 77 78 79 61 80 81 82 83 84 85 86 87 88 89 112 117 113 109 108 107 116 120 118) ((("cis-19-CP-37-Mex-38-Me-C59-ACPs" 0 89) ("ATP" 90 120) ("WATER" 121 121)) (("CPD1G-204" 0 83) ("ACP" 84 112) ("PPI" 113 121))))
DBLINKS - (METANETX-RXN "MNXR123565" NIL |kothari| 3789143035 NIL NIL)
EC-NUMBER - EC-6.2.1
ENZYMATIC-REACTION - ENZRXN1G-4617
GIBBS-0 - 1119.1782    
IN-PATHWAY - PWYG-321
LEFT - cis-19-CP-37-Mex-38-Me-C59-ACPs
LEFT - ATP
LEFT - WATER
ORPHAN? - :NO
PHYSIOLOGICALLY-RELEVANT? - T
REACTION-BALANCE-STATUS - :BALANCED
REACTION-DIRECTION - PHYSIOL-LEFT-TO-RIGHT
RIGHT - CPD1G-204
RIGHT - PPI
RIGHT - ACP
