UNIQUE-ID - RXN1G-4143
TYPES - Protein-Modification-Reactions
COMMON-NAME - trans-keto-C61-meroacyl-[acp] synthetase
ATOM-MAPPINGS - (:NO-HYDROGEN-ENCODING (2 0 1 3 4 5 6 7 8 9 10 11 12 13 14 15 16 17 18 19 20 21 22 23 24 25 26 27 28 29 30 31 32 33 34 35 36 37 38 39 40 41 42 43 44 45 46 47 48 49 50 51 52 53 91 92 93 54 55 56 57 58 94 59 95 96 97 98 99 100 101 102 103 104 105 60 61 106 107 111 112 115 116 118 120 63 64 65 66 67 68 69 70 71 72 73 74 75 76 77 78 79 80 62 81 82 83 84 85 86 87 88 89 90 113 114 122 109 110 108 117 121 119) ((("trans-20-CP-22-Me-39-keto-40-Me-C61-ACPs" 0 90) ("ATP" 91 121) ("WATER" 122 122)) (("CPD1G-408" 0 84) ("ACP" 85 113) ("PPI" 114 122))))
ATOM-MAPPINGS - (:NO-HYDROGEN-ENCODING (2 0 1 3 4 5 6 7 8 9 10 11 12 13 14 15 16 17 18 19 20 21 22 23 24 25 26 27 28 29 30 31 32 33 34 35 36 37 38 39 40 41 42 43 44 45 46 47 48 49 50 51 52 53 91 92 93 54 55 56 57 58 94 59 95 96 97 98 99 100 101 102 103 104 105 60 61 106 107 111 112 115 116 122 120 63 64 65 66 67 68 69 70 71 72 73 74 75 76 77 78 79 80 62 81 82 83 84 85 86 87 88 89 90 113 118 114 109 110 108 117 121 119) ((("trans-20-CP-22-Me-39-keto-40-Me-C61-ACPs" 0 90) ("ATP" 91 121) ("WATER" 122 122)) (("CPD1G-408" 0 84) ("ACP" 85 113) ("PPI" 114 122))))
ATOM-MAPPINGS - (:NO-HYDROGEN-ENCODING (2 0 1 3 4 5 6 7 8 9 10 11 12 13 14 15 16 17 18 19 20 21 22 23 24 25 26 27 28 29 30 31 32 33 34 35 36 37 38 39 40 41 42 43 44 45 46 47 48 49 50 51 52 53 91 92 93 54 55 56 57 58 94 59 95 96 97 98 99 100 101 102 103 104 105 60 61 106 107 111 122 115 116 112 120 63 64 65 66 67 68 69 70 71 72 73 74 75 76 77 78 79 80 62 81 82 83 84 85 86 87 88 89 90 113 118 114 109 110 108 117 121 119) ((("trans-20-CP-22-Me-39-keto-40-Me-C61-ACPs" 0 90) ("ATP" 91 121) ("WATER" 122 122)) (("CPD1G-408" 0 84) ("ACP" 85 113) ("PPI" 114 122))))
ATOM-MAPPINGS - (:NO-HYDROGEN-ENCODING (2 0 1 3 4 5 6 7 8 9 10 11 12 13 14 15 16 17 18 19 20 21 22 23 24 25 26 27 28 29 30 31 32 33 34 35 36 37 38 39 40 41 42 43 44 45 46 47 48 49 50 51 52 53 91 92 93 54 55 56 57 58 94 59 95 96 97 98 99 100 101 102 103 104 105 60 61 106 107 111 118 115 116 112 120 63 64 65 66 67 68 69 70 71 72 73 74 75 76 77 78 79 80 62 81 82 83 84 85 86 87 88 89 90 108 109 110 122 114 113 117 119 121) ((("trans-20-CP-22-Me-39-keto-40-Me-C61-ACPs" 0 90) ("ATP" 91 121) ("WATER" 122 122)) (("CPD1G-408" 0 84) ("ACP" 85 113) ("PPI" 114 122))))
DBLINKS - (METANETX-RXN "MNXR123568" NIL |kothari| 3789143037 NIL NIL)
EC-NUMBER - EC-6.2.1
ENZYMATIC-REACTION - ENZRXN1G-4620
GIBBS-0 - 1119.1782    
IN-PATHWAY - PWYG-321
LEFT - trans-20-CP-22-Me-39-keto-40-Me-C61-ACPs
LEFT - ATP
LEFT - WATER
ORPHAN? - :NO
PHYSIOLOGICALLY-RELEVANT? - T
REACTION-BALANCE-STATUS - :BALANCED
REACTION-DIRECTION - PHYSIOL-LEFT-TO-RIGHT
RIGHT - CPD1G-408
RIGHT - PPI
RIGHT - ACP
